__tunnelvr__ g2
{"Nxcdrawings":4,"Nxctubes":1,"datetime":{"day":8,"dst":true,"hour":17,"minute":7,"month":8,"second":54,"weekday":2,"year":2023},"playername":"Beth","playerplatform":"PC","sheadtrans":"Transform( -0.305714, -0.0865675, -0.94818, 0, 0.995858, -0.0909205, 0.952123, -0.0277957, -0.304448, -13.3896, -4.414, 9.61578 )","stransformpos":"Transform( -0.305714, 0, -0.952123, 0, 1, 0, 0.952123, 0, -0.305714, -13.6381, -5.914, 9.53599 )","tunnelvrversion":"v0.8.0"}
{"drawingtype":1,"drawingvisiblecode":8,"imgtrim":{"imgheightwidthratio":0.706771,"imgwidth":41.50357,"simgtrimleftdown":"Vector2( -20.7518, -14.6668 )","simgtrimrightup":"Vector2( 20.7518, 14.6668 )"},"name":"firs0c8cdbf7092cplan,1","snodepoints":{"p1":[-2.449673,6.80548,0],"p2":[-13.196702,6.770204,0]},"stransformpos":"Transform( -0.999229, -0.0392478, 0, 0, 0, 1, -0.0392478, 0.999229, 0, -12.8605, -5.894, 6.43597 )","xcresource":"https://raw.githubusercontent.com/goatchurchprime/tunnelvr_cave_data/main/housahedron/windsorave/firstfloorplan.png"}
{"drawingtype":0,"drawingvisiblecode":2,"name":"s870928","onepathpairs":["p1","p2","p2","p3","p3","p4","p4","p1"],"snodepoints":{"p1":[2.520587,-1.516438,0],"p2":[2.465064,2.260049,0],"p3":[-1.163172,2.299764,0],"p4":[-0.98385,-1.608224,0]},"stransformpos":"Transform( 1, 0, 0, 0, 0, 1, 0, -1, 0, -8.75703, 5.95027, 9.84925 )","xcresource":""}
{"drawingtype":0,"drawingvisiblecode":2,"name":"s870925","onepathpairs":["p1","p2","p2","p3","p3","p4","p4","p5","p5","p6","p6","p7","p7","p8","p8","p9","p9","p10","p10","p1"],"snodepoints":{"p1":[-2.044781,-3.423607,0],"p10":[-1.300524,-3.514365,0],"p2":[-1.97426,1.857131,0],"p3":[-0.53903,2.784144,0],"p4":[2.063116,2.988473,0],"p5":[3.277152,1.457859,0],"p6":[2.963749,-3.652247,0],"p7":[2.24308,-3.69391,0],"p8":[1.103182,-4.689434,0],"p9":[-0.356373,-4.743587,0]},"stransformpos":"Transform( 1, 0, 0, 0, 0, 1, 0, -1, 0, -2.90868, 2.13225, 10.1435 )","xcflatshellmaterial":"extwall","xcresource":""}
{"additionalproperties":{"geometrymode":"housahedron","potreeurlmetadata":"http://godot.doesliverpool.xyz:8000/aidangroundandfirst/metadata.json","splaystationnoderegex":".*[^\\d]$"},"drawingtype":2,"drawingvisiblecode":0,"name":"r870922_centreline","onepathpairs":["a0","k1","k1","k2","k2","k3","k3","k4","k4","k5"],"snodepoints":{"a0":[-10.67977,1.271273,13.332352],"k1":[-5.680935,0.141733,13.506551],"k2":[-5.63695,0.088461,13.052028],"k3":[-4.979477,0.160305,13.003968],"k4":[-4.983255,0.251229,13.592994],"k5":[0.060364,0.9345,13.718898]},"stransformpos":"Transform( 1, 0, 0, 0, -4.37114e-08, 1, 0, -1, -4.37114e-08, -5.5, 1, 6.135 )","xcresource":""}
{"tubename":"Floorpos_r870922_centreline_firs0c8cdbf7092cplan,1","xcdrawinglink":["a0","p1","k5","p2"],"xcname0":"r870922_centreline","xcname1":"firs0c8cdbf7092cplan,1","xcsectormaterials":["floorcentrelineposition","floorcentrelineposition"]}
