__tunnelvr__ g2
{"Nxcdrawings":4,"Nxctubes":2,"datetime":{"day":24,"dst":true,"hour":12,"minute":43,"month":5,"second":47,"weekday":2,"year":2022},"playerplatform":"Quest","sheadtrans":"Transform( 0.869131, -0.0730453, 0.489159, -0.00541412, 0.987569, 0.157092, -0.494553, -0.139182, 0.857931, -7.20796, -10.5383, -10.2326 )","stransformpos":"Transform( 0.998272, 0, 0.0587579, 0, 1, 0, -0.0587579, 0, 0.998272, -7.25092, -11.53, -10.4103 )","tunnelvrversion":"v0.7.8"}
{"drawingtype":1,"drawingvisiblecode":8,"imgtrim":{"imgheightwidthratio":0.706771,"imgwidth":41.50357,"simgtrimleftdown":"Vector2( -20.7518, -14.6668 )","simgtrimrightup":"Vector2( 20.7518, 14.6668 )"},"name":"firs0c8cdbf7092cplan,1","snodepoints":{"p1":[-2.449673,6.80548,0],"p2":[-13.196702,6.770204,0]},"stransformpos":"Transform( -0.999229, -0.0392478, 0, 0, 0, 1, -0.0392478, 0.999229, 0, -12.8605, -5.894, 6.43597 )","xcresource":"https://raw.githubusercontent.com/goatchurchprime/tunnelvr_cave_data/main/housahedron/windsorave/firstfloorplan.png"}
{"drawingtype":0,"drawingvisiblecode":2,"name":"s870922","onepathpairs":["p1","p2","p2","p3","p3","p1"],"snodepoints":{"p1":[-0.556929,1.336209,0],"p2":[0.396542,1.1719,0],"p3":[-0.327203,0.641301,0]},"stransformpos":"Transform( 0.907373, 0, -0.420327, 0, 1, 0, 0.420327, 0, 0.907373, -3.33913, -5.884, 7.92723 )","xcresource":""}
{"drawingtype":0,"drawingvisiblecode":2,"name":"s870923","onepathpairs":["p1","p2","p2","p3","p3","p1"],"snodepoints":{"p1":[-0.105501,-0.070377,0],"p2":[0.506309,-0.495803,0],"p3":[-0.052794,-0.801568,0]},"stransformpos":"Transform( 0.917583, 0, -0.397545, 0, 1, 0, 0.397545, 0, 0.917583, -4.41184, -3.96384, 10.0588 )","xcresource":""}
{"additionalproperties":{"geometrymode":"housahedron","potreeurlmetadata":" http://godot.doesliverpool.xyz:8000/aidangroundandfirst/metadata.json","splaystationnoderegex":".*[^\\d]$"},"drawingtype":2,"drawingvisiblecode":0,"name":"r870922_centreline","onepathpairs":["a0","k1","k1","k2","k2","k3","k3","k4","k4","k5"],"snodepoints":{"a0":[-10.67977,1.271273,13.332352],"k1":[-5.680935,0.141733,13.506551],"k2":[-5.63695,0.088461,13.052028],"k3":[-4.979477,0.160305,13.003968],"k4":[-4.983255,0.251229,13.592994],"k5":[0.060364,0.9345,13.718898]},"stransformpos":"Transform( 1, 0, 0, 0, 1, 0, 0, 0, 1, 0, 0, 0 )","xcresource":""}
{"tubename":"XCtube_s870923_s870922","xcdrawinglink":["p1","p1"],"xcname0":"s870923","xcname1":"s870922","xcsectormaterials":["simpledirt"]}
{"tubename":"Floorpos_r870922_centreline_firs0c8cdbf7092cplan,1","xcdrawinglink":["a0","p1","k5","p2"],"xcname0":"r870922_centreline","xcname1":"firs0c8cdbf7092cplan,1","xcsectormaterials":["floorcentrelineposition","floorcentrelineposition"]}
