__tunnelvr__ gaping_gill
{"Nxcdrawings":4,"Nxctubes":1,"datetime":{"day":13,"dst":true,"hour":18,"minute":6,"month":9,"second":1,"weekday":3,"year":2023},"playername":"Wayne","playerplatform":"Quest","sheadtrans":"Transform( -0.712356, 0.347514, -0.60974, 0.00816406, 0.872845, 0.48793, 0.701771, 0.342602, -0.624613, -171.245, 168.365, 72.8621 )","stransformpos":"Transform( -0.97386, 0, 0.227148, 0, 1, 0, -0.227148, 0, -0.97386, -171.202, 167.282, 72.2171 )","tunnelvrversion":"v0.8.0"}
{"drawingtype":1,"drawingvisiblecode":8,"imgtrim":{"imgheightwidthratio":1.29907,"imgwidth":967.151208,"simgtrimleftdown":"Vector2( -483.575, -628.198 )","simgtrimrightup":"Vector2( 483.575, 628.198 )"},"name":"Ind203fcd76003e75dpi,0","snodepoints":{"p1":[-131.193222,545.663086,0],"p2":[-132.635635,538.740723,0]},"stransformpos":"Transform( 0.836481, 0.547996, 0, 0, 0, 1, 0.547996, -0.836481, 0, -182.685, -3.23662, 544.004 )","xcresource":"http://cave-registry.org.uk/svn/NorthernEngland/GapingGillArea/posters/Ind%20Meredith(1975)%20Gaping%20Gill%2075dpi.png"}
{"drawingtype":1,"drawingvisiblecode":8,"imgtrim":{"imgheightwidthratio":0.453622,"imgwidth":72.213751,"simgtrimleftdown":"Vector2( -36.1069, -16.3789 )","simgtrimrightup":"Vector2( -11.8667, 16.3789 )"},"name":"tople2584253f82eing1,1","snodepoints":{},"stransformpos":"Transform( 0.365311, -0.930886, 0, 0, 0, 1, -0.930886, -0.365311, 0, 46.1549, 28.9557, 3.25669 )","xcresource":"http://cave-registry.org.uk/svn/NorthernEngland/CumbriaMines/rawscans/ConistonCopperMines/toplevel1-1of6-drawing1.jpg"}
{"drawingtype":2,"drawingvisiblecode":0,"name":"plansketch2","onepathpairs":["S0","S1"],"snodepoints":{"S0":[38.000141,-14.112611,29.988628],"S1":[33.000141,-19.11261,30.088629]},"stransformpos":"Transform( 1, 0, 0, 0, 0, 1, 0, -1, 0, -31.4042, -30.5879, 1.56092 )","xcresource":""}
{"additionalproperties":{"potreecolorscale":65535,"potreepointsizefactor":200,"potreeurlmetadata":"https://las.nix.how/341/metadata.json","splaystationnoderegex":".*[^\\d]$","stationnamecommonroot":"skirwith-lower-entrance,"},"drawingtype":2,"drawingvisiblecode":0,"name":"plansketch1","onepathpairs":["S0","S1"],"snodepoints":{"S0":[38.353382,-13.936412,29.98233],"S1":[33.353382,-18.936413,30.082331]},"stransformpos":"Transform( 1, 0, 0, 0, -4.37114e-08, 1, 0, -1, -4.37114e-08, 0, -350, 0 )","xcresource":""}
{"tubename":"Floorpos_plansketch2_Ind203fcd76003e75dpi,0","xcdrawinglink":["S0","p1","S1","p2"],"xcname0":"plansketch2","xcname1":"Ind203fcd76003e75dpi,0","xcsectormaterials":["floorcentrelineposition","floorcentrelineposition"]}
