__tunnelvr__ gaping_gill
{"Nxcdrawings":4,"Nxctubes":1,"datetime":{"day":13,"dst":true,"hour":17,"minute":57,"month":9,"second":16,"weekday":3,"year":2023},"playername":"Wayne","playerplatform":"Quest","sheadtrans":"Transform( -0.905612, 0.249981, -0.342602, 0.0651596, 0.880241, 0.470032, 0.419072, 0.403343, -0.813445, 17.5422, 30.8884, 27.3481 )","stransformpos":"Transform( -0.973861, 0, 0.227145, 0, 1, 0, -0.227145, 0, -0.973861, 17.6536, 29.7945, 26.6884 )","tunnelvrversion":"v0.8.0"}
{"drawingtype":1,"drawingvisiblecode":8,"imgtrim":{"imgheightwidthratio":1.29907,"imgwidth":962.890611,"simgtrimleftdown":"Vector2( -481.445, -625.431 )","simgtrimrightup":"Vector2( 481.445, 625.431 )"},"name":"Ind203fcd76003e75dpi,0","snodepoints":{"p1":[-118.141342,539.679688,0],"p2":[-120.727165,533.09845,0]},"stransformpos":"Transform( 0.916713, 0.399547, 0, 0, 0, 1, 0.399547, -0.916713, 0, -100.73, -11.43, 557.608 )","xcresource":"http://cave-registry.org.uk/svn/NorthernEngland/GapingGillArea/posters/Ind%20Meredith(1975)%20Gaping%20Gill%2075dpi.png"}
{"drawingtype":1,"drawingvisiblecode":8,"imgtrim":{"imgheightwidthratio":0.453622,"imgwidth":72.213751,"simgtrimleftdown":"Vector2( -36.1069, -16.3789 )","simgtrimrightup":"Vector2( -11.8667, 16.3789 )"},"name":"tople2584253f82eing1,1","snodepoints":{},"stransformpos":"Transform( 0.365311, -0.930886, 0, 0, 0, 1, -0.930886, -0.365311, 0, 46.1549, 28.9557, 3.25669 )","xcresource":"http://cave-registry.org.uk/svn/NorthernEngland/CumbriaMines/rawscans/ConistonCopperMines/toplevel1-1of6-drawing1.jpg"}
{"drawingtype":2,"drawingvisiblecode":0,"name":"plansketch2","onepathpairs":["S0","S1"],"snodepoints":{"S0":[38.000141,-14.112611,29.988628],"S1":[33.000141,-19.11261,30.088629]},"stransformpos":"Transform( 1, 0, 0, 0, 0, 1, 0, -1, 0, -31.4042, -30.5879, 1.56092 )","xcresource":""}
{"additionalproperties":{"potreecolorscale":65535,"potreepointsizefactor":200,"potreeurlmetadata":"https://las.nix.how/341/metadata.json","splaystationnoderegex":".*[^\\d]$","stationnamecommonroot":"skirwith-lower-entrance,"},"drawingtype":2,"drawingvisiblecode":0,"name":"plansketch1","onepathpairs":["S0","S1"],"snodepoints":{"S0":[38.353382,-13.936412,29.98233],"S1":[33.353382,-18.936413,30.082331]},"stransformpos":"Transform( 1, 0, 0, 0, -4.37114e-08, 1, 0, -1, -4.37114e-08, 0, -350, 0 )","xcresource":""}
{"tubename":"Floorpos_plansketch2_Ind203fcd76003e75dpi,0","xcdrawinglink":["S0","p1","S1","p2"],"xcname0":"plansketch2","xcname1":"Ind203fcd76003e75dpi,0","xcsectormaterials":["floorcentrelineposition","floorcentrelineposition"]}
