__tunnelvr__ gaping_gill
{"Nxcdrawings":4,"Nxctubes":0,"datetime":{"day":13,"dst":true,"hour":17,"minute":51,"month":9,"second":29,"weekday":3,"year":2023},"playername":"Wayne","playerplatform":"Quest","sheadtrans":"Transform( 0.580955, -0.167778, 0.796456, 0.00938226, 0.97984, 0.199565, -0.813882, -0.108466, 0.570817, 6.16518, -10.3881, 12.5352 )","stransformpos":"Transform( 0.9717, 0, 0.23622, 0, 1, 0, -0.23622, 0, 0.9717, 6.36492, -11.53, 13.1066 )","tunnelvrversion":"v0.8.0"}
{"drawingtype":1,"drawingvisiblecode":8,"imgtrim":{"imgheightwidthratio":0.453622,"imgwidth":72.213751,"simgtrimleftdown":"Vector2( -36.1069, -16.3789 )","simgtrimrightup":"Vector2( -11.8667, 16.3789 )"},"name":"tople2584253f82eing1,1","snodepoints":{},"stransformpos":"Transform( 0.365311, -0.930886, 0, 0, 0, 1, -0.930886, -0.365311, 0, 46.1549, 28.9557, 3.25669 )","xcresource":"http://cave-registry.org.uk/svn/NorthernEngland/CumbriaMines/rawscans/ConistonCopperMines/toplevel1-1of6-drawing1.jpg"}
{"additionalproperties":{"potreecolorscale":65535,"potreepointsizefactor":200,"potreeurlmetadata":"https://las.nix.how/341/metadata.json","splaystationnoderegex":".*[^\\d]$","stationnamecommonroot":"skirwith-lower-entrance,"},"drawingtype":2,"drawingvisiblecode":0,"name":"plansketch1","onepathpairs":["S0","S1"],"snodepoints":{"S0":[38.353382,-13.936412,29.98233],"S1":[33.353382,-18.936413,30.082331]},"stransformpos":"Transform( 1, 0, 0, 0, -4.37114e-08, 1, 0, -1, -4.37114e-08, 0, -350, 0 )","xcresource":""}
{"drawingtype":2,"drawingvisiblecode":0,"name":"plansketch2","onepathpairs":["S0","S1"],"snodepoints":{"S0":[38.000141,-14.112611,29.988628],"S1":[33.000141,-19.11261,30.088629]},"stransformpos":"Transform( 1, 0, 0, 0, 0, 1, 0, -1, 0, 0, 0, 0 )","xcresource":""}
{"drawingtype":1,"drawingvisiblecode":8,"imgtrim":{"imgheightwidthratio":0,"imgwidth":2,"simgtrimleftdown":"Vector2( -1, -1 )","simgtrimrightup":"Vector2( 1, 1 )"},"name":"Ind203fcd76003e75dpi,0","snodepoints":{},"stransformpos":"Transform( 1, 0, 0, 0, 0, 1, 0, -1, 0, 4.42826, -11.43, 11.3325 )","xcresource":"http://cave-registry.org.uk/svn/NorthernEngland/GapingGillArea/posters/Ind%20Meredith(1975)%20Gaping%20Gill%2075dpi.png"}
