__tunnelvr__ gaping_gill
{"Nxcdrawings":3,"Nxctubes":0,"datetime":{"day":13,"dst":true,"hour":16,"minute":55,"month":9,"second":49,"weekday":3,"year":2023},"playername":"Wayne","playerplatform":"Quest","sheadtrans":"Transform( -0.542416, -0.287234, 0.789482, -0.0343005, 0.946524, 0.320804, -0.839409, 0.14693, -0.523263, 22.9567, -10.4635, 9.06674 )","stransformpos":"Transform( -0.590092, 0, 0.807336, 0, 1, 0, -0.807336, 0, -0.590092, 23.1891, -11.53, 8.80492 )","tunnelvrversion":"v0.8.0"}
{"drawingtype":1,"drawingvisiblecode":8,"imgtrim":{"imgheightwidthratio":0.453622,"imgwidth":72.213751,"simgtrimleftdown":"Vector2( -36.1069, -16.3789 )","simgtrimrightup":"Vector2( -11.8667, 16.3789 )"},"name":"tople2584253f82eing1,1","snodepoints":{},"stransformpos":"Transform( 0.365311, -0.930886, 0, 0, 0, 1, -0.930886, -0.365311, 0, 46.1549, 28.9557, 3.25669 )","xcresource":"http://cave-registry.org.uk/svn/NorthernEngland/CumbriaMines/rawscans/ConistonCopperMines/toplevel1-1of6-drawing1.jpg"}
{"additionalproperties":{"potreecolorscale":65535,"potreepointsizefactor":200,"potreeurlmetadata":"https://las.nix.how/341/metadata.json","splaystationnoderegex":".*[^\\d]$","stationnamecommonroot":"skirwith-lower-entrance,"},"drawingtype":2,"drawingvisiblecode":0,"name":"plansketch1","onepathpairs":["S0","S1"],"snodepoints":{"S0":[38.353382,-13.936412,29.98233],"S1":[33.353382,-18.936413,30.082331]},"stransformpos":"Transform( 1, 0, 0, 0, -4.37114e-08, 1, 0, -1, -4.37114e-08, 0, -321, 0 )","xcresource":""}
{"drawingtype":2,"drawingvisiblecode":0,"name":"plansketch2","onepathpairs":["S0","S1"],"snodepoints":{"S0":[38.000141,-14.112611,29.988628],"S1":[33.000141,-19.11261,30.088629]},"stransformpos":"Transform( 1, 0, 0, 0, 0, 1, 0, -1, 0, 0, 0, 0 )","xcresource":""}
