__tunnelvr__ 2081-21-01
{"Nxcdrawings":81,"Nxctubes":57,"datetime":{"day":28,"dst":false,"hour":18,"minute":30,"month":1,"second":0,"weekday":5,"year":2022},"playerplatform":"Quest","sheadtrans":"Transform( -0.998667, 0.0482246, -0.0184056, 0.0475761, 0.998283, 0.034182, 0.0200225, 0.0332607, -0.999246, 20.9797, 29.314, -22.4384 )","stransformpos":"Transform( -0.740141, 0, 0.672452, 0, 1, 0, -0.672452, 0, -0.740141, 20.6625, 28.2898, -22.5267 )","tunnelvrversion":"v0.7.8"}
{"drawingtype":0,"drawingvisiblecode":0,"name":"s78","onepathpairs":["p1","p2","p2","p3","p3","p4","p4","p5","p5","p6","p6","p7","p7","p8","p8","p9","p9","p10","p10","p1"],"snodepoints":{"p1":[0.293381,1.653122,0],"p10":[-0.462988,1.716808,0],"p2":[0.944356,0.19735,0],"p3":[1.554365,-1.613411,0],"p4":[1.008254,-3.110941,0],"p5":[0.074275,-2.851234,0],"p6":[-0.18913,-1.971479,0],"p7":[-0.306876,-0.763533,0],"p8":[-0.754062,0.016939,0],"p9":[-0.392773,0.766199,0]},"stransformpos":"Transform( -0.986278, 0, 0.165091, 0, 1, 0, -0.165091, 0, -0.986278, 27.7756, 22.9669, -33.7551 )","xcresource":""}
{"drawingtype":0,"drawingvisiblecode":0,"name":"s75","onepathpairs":["p1","p2","p2","p3","p3","p4","p4","p5","p5","p6","p6","p7","p7","p8","p8","p9","p9","p10","p10","p11","p11","p12","p12","p13","p13","p14","p14","p15","p15","p16","p16","p17","p17","p18","p18","p1"],"snodepoints":{"p1":[0.640131,0.36375,0],"p10":[-0.744456,0.510515,0],"p11":[-0.85032,2.238331,0],"p12":[-1.212631,3.817646,0],"p13":[-1.20186,5.142439,0],"p14":[-0.443431,5.643471,0],"p15":[0.415642,4.117666,0],"p16":[0.481564,2.395285,0],"p17":[0.485386,1.849886,0],"p18":[0.637708,1.318016,0],"p19":[-1.312323,2.289848,0],"p2":[0.778945,-1.224844,0],"p3":[1.175158,-2.1971,0],"p4":[0.990987,-2.965008,0],"p5":[0.404519,-3.387997,0],"p6":[-0.211861,-3.011972,0],"p7":[0.085714,-2.03858,0],"p8":[-0.049052,-1.456919,0],"p9":[-0.24045,-0.552395,0]},"stransformpos":"Transform( 0.969849, 0, 0.243707, 0, 1, 0, -0.243707, 0, 0.969849, 28.8886, 21.9834, -25.563 )","xcresource":""}
{"drawingtype":0,"drawingvisiblecode":0,"name":"s74","onepathpairs":["p1","p2","p2","p3","p3","p4","p4","p5","p5","p6","p6","p7","p7","p8","p8","p9","p9","p10","p10","p11","p11","p12","p12","p13","p13","p14","p14","p15","p15","p16","p16","p1"],"snodepoints":{"p1":[1.003048,0.117393,0],"p10":[-0.91497,5.690071,0],"p11":[-0.686936,7.652533,0],"p12":[-0.441691,8.911966,0],"p13":[0.016823,7.758856,0],"p14":[0.377583,5.722668,0],"p15":[0.536275,3.730295,0],"p16":[1.034186,1.529892,0],"p17":[0.875448,-2.722147,0],"p2":[0.768087,-1.074343,0],"p3":[0.788496,-2.045418,0],"p4":[-0.257424,-2.283636,0],"p5":[-0.909799,-0.935028,0],"p6":[-0.309812,0.136583,0],"p7":[-0.519227,0.955149,0],"p8":[-0.789109,2.474264,0],"p9":[-0.862556,3.983192,0]},"stransformpos":"Transform( 0.989447, 0, 0.144895, 0, 1, 0, -0.144895, 0, 0.989447, 27.8105, 26.077, -30.4756 )","xcresource":""}
{"drawingtype":0,"drawingvisiblecode":0,"name":"s17","onepathpairs":["p1","p2","p2","p3","p3","p4","p4","p5","p5","p6","p6","p1","p2","p5"],"snodepoints":{"p1":[0.16074,-0.546749,0],"p2":[0.427997,0.339718,0],"p3":[0.943416,0.285201,0],"p4":[0.976592,-0.453137,0],"p5":[0.614434,-1.043746,0],"p6":[0.290867,-0.997551,0]},"stransformpos":"Transform( -0.456021, 0, 0.889969, 0, 1, 0, -0.889969, 0, -0.456021, 31.7614, 4.33399, -30.6441 )","xcresource":""}
{"drawingtype":0,"drawingvisiblecode":0,"name":"s5","onepathpairs":["p1","p2","p2","p3","p3","p4","p4","p5","p5","p6","p6","p7","p7","p8","p8","p13","p9","p10","p10","p11","p11","p12","p12","p1","p13","p9"],"snodepoints":{"p1":[-0.571209,0.203399,0],"p10":[0.973173,-1.53897,0],"p11":[0.063047,-1.464022,0],"p12":[-0.460411,-0.878767,0],"p13":[2.34232,-0.419598,0],"p2":[-0.561901,0.840261,0],"p3":[-0.558559,2.593834,0],"p4":[-0.043894,3.79216,0],"p5":[0.762836,4.132065,0],"p6":[1.311816,3.014138,0],"p7":[2.024951,1.501574,0],"p8":[2.25765,0.104202,0],"p9":[2.256584,-0.941579,0]},"stransformpos":"Transform( -0.984773, 0, 0.173848, 0, 1, 0, -0.173848, 0, -0.984773, 30.3687, 5.21505, -27.2625 )","xcresource":""}
{"drawingtype":0,"drawingvisiblecode":0,"name":"Hole;3;s16;s5","onepathpairs":["rb0","r0p21","r0p21","r0p4","r0p4","r1p11","r1p11","r1p12","r1p12","rb1","rb1","rb0"],"snodepoints":{"r0p21":[2.201719,0.211063,1.295565],"r0p4":[2.333442,-0.891577,0.998692],"r1p11":[-2.466402,-0.293528,-1.366847],"r1p12":[-2.860206,0.291727,-1.021991],"rb0":[0.893077,0.750392,0.501792],"rb1":[-0.408087,0.689639,-0.078336]},"stransformpos":"Transform( -0.626323, 0, 0.779563, 0, 1, 0, -0.779563, 0, -0.626323, 29.8274, 4.04456, -30.0523 )","xcresource":""}
{"drawingtype":1,"drawingvisiblecode":8,"imgtrim":{"imgheightwidthratio":1.765625,"imgwidth":27.058621,"simgtrimleftdown":"Vector2( -13.5293, -23.8877 )","simgtrimrightup":"Vector2( 13.5293, 23.8877 )"},"name":"2081c53fb355029ato65,0","snodepoints":{"p1":[7.447737,11.09628,0],"p2":[11.086665,-0.101837,0]},"stransformpos":"Transform( 0.999961, 0.00882352, 0, 0, 0, 1, 0.00882352, -0.999961, 0, 19.3192, 15.4569, -37.2511 )","xcresource":"http://cave-registry.org.uk/svn/NorthernEngland/PeakDistrict/Si-experiments/2081-scrap9-stn25-to65.png"}
{"drawingtype":0,"drawingvisiblecode":0,"name":"s16","onepathpairs":["p19","p15","p2","p3","p3","p4","p5","p21","p5","p6","p6","p7","p7","p8","p8","p9","p9","p10","p10","p11","p11","p12","p12","p13","p13","p14","p14","p15","p18","p19","p16","p17","p16","p18","p2","p20","p17","p22","p21","p4","p22","p20"],"snodepoints":{"p10":[-1.05787,8.587257,0],"p11":[-0.903077,10.285304,0],"p12":[-0.814553,12.097049,0],"p13":[-0.094278,13.123631,0],"p14":[0.034469,10.698859,0],"p15":[0.181306,8.810822,0],"p16":[0.339834,2.393442,0],"p17":[0.720082,0.847636,0],"p18":[0.445153,5.292949,0],"p19":[0.395469,7.12684,0],"p2":[-0.237842,-1.226731,0],"p20":[0.511064,-0.825734,0],"p21":[-2.694919,-0.125571,0],"p22":[0.737595,-0.064437,0],"p3":[-1.270197,-1.165596,0],"p4":[-2.370135,-1.228211,0],"p5":[-2.43237,0.891094,0],"p6":[-2.235484,2.300183,0],"p7":[-2.017603,3.904524,0],"p8":[-1.648446,5.684019,0],"p9":[-1.294653,7.101113,0]},"stransformpos":"Transform( -0.966589, 0, -0.256331, 0, 1, 0, 0.256331, 0, -0.966589, 26.8535, 4.38119, -31.8893 )","xcresource":""}
{"drawingtype":0,"drawingvisiblecode":0,"name":"s2","onepathpairs":["p1","p2","p2","p3","p3","p4","p4","p5","p5","p6","p6","p7","p7","p8","p8","p9","p9","p10","p10","p11","p11","p1"],"snodepoints":{"p1":[-1.28261,0.773012,0],"p10":[-0.634615,-2.05881,0],"p11":[-1.407624,-0.203437,0],"p2":[-1.318029,1.656398,0],"p3":[-1.339954,3.57053,0],"p4":[-1.363491,5.377588,0],"p5":[-0.269159,5.672304,0],"p6":[0.666147,3.270318,0],"p7":[0.774969,1.026288,0],"p8":[1.088807,-0.70326,0],"p9":[0.372297,-1.978599,0]},"stransformpos":"Transform( -0.89965, 0, 0.436611, 0, 1, 0, -0.436611, 0, -0.89965, 25.9331, 6.328, -22.023 )","xcresource":""}
{"drawingtype":0,"drawingvisiblecode":0,"name":"s3","onepathpairs":["p1","p2","p2","p3","p3","p4","p4","p5","p5","p6","p6","p7","p7","p8","p8","p9","p9","p10","p10","p11","p11","p1"],"snodepoints":{"p1":[-0.548785,0.033401,0],"p10":[0.47529,-1.209097,0],"p11":[-0.25584,-0.855008,0],"p2":[-0.661883,1.883436,0],"p3":[-0.332829,3.891805,0],"p4":[0.700098,8.173716,0],"p5":[1.534505,7.897584,0],"p6":[1.240571,4.513528,0],"p7":[0.966691,2.220437,0],"p8":[1.772892,-0.11068,0],"p9":[1.081331,-0.926828,0]},"stransformpos":"Transform( -0.892984, 0, 0.450088, 0, 1, 0, -0.450088, 0, -0.892984, 27.4904, 6.93088, -18.4939 )","xcresource":""}
{"drawingtype":1,"drawingvisiblecode":8,"imgtrim":{"imgheightwidthratio":1.91498,"imgwidth":10.438523,"simgtrimleftdown":"Vector2( -5.21926, -9.99478 )","simgtrimrightup":"Vector2( 5.21926, 9.99478 )"},"name":"20813db5501e1d9bo-52,0","snodepoints":{"p1":[-3.92379,-8.022791,0],"p2":[0.8681,4.829316,0]},"stransformpos":"Transform( 0.99999, 0.00452302, 0, 0, 0, 1, 0.00452302, -0.99999, 0, 27.9246, 0.561234, -24.926 )","xcresource":"http://cave-registry.org.uk/svn/NorthernEngland/PeakDistrict/Si-experiments/2081-scrap11-stn45-to-52.png"}
{"drawingtype":0,"drawingvisiblecode":0,"name":"s1","onepathpairs":["p1","p2","p2","p3","p3","p4","p4","p5","p5","p6","p6","p7","p7","p8","p8","p9","p9","p1"],"snodepoints":{"p1":[-1.149482,1.307095,0],"p2":[0.409887,1.662693,0],"p3":[1.840603,0.149006,0],"p4":[1.011196,-1.1131,0],"p5":[-0.499242,-2.15614,0],"p6":[-2.481751,-2.929172,0],"p7":[-3.752414,-2.230887,0],"p8":[-3.844166,-0.203943,0],"p9":[-1.905248,1.468719,0]},"stransformpos":"Transform( -0.486032, 0, 0.873941, 0, 1, 0, -0.873941, 0, -0.486032, 23.8402, 6.48647, -16.8761 )","xcresource":""}
{"drawingtype":1,"drawingvisiblecode":8,"imgtrim":{"imgheightwidthratio":1.571304,"imgwidth":24.292322,"simgtrimleftdown":"Vector2( -12.1462, -19.0853 )","simgtrimrightup":"Vector2( 12.1462, 19.0853 )"},"name":"2081348219387fd4o-44,0","snodepoints":{"p1":[5.450672,-2.081264,0],"p2":[2.054507,-5.774236,0]},"stransformpos":"Transform( 0.999993, 0.00374996, 0, 0, 0, 1, 0.00374996, -0.999993, 0, 25.9917, -2.24357, -40.7332 )","xcresource":"http://cave-registry.org.uk/svn/NorthernEngland/PeakDistrict/Si-experiments/2081-scrap10-stn43-to-44.png"}
{"drawingtype":0,"drawingvisiblecode":3,"name":"s88","onepathpairs":["p1","p2","p2","p3","p3","p4","p4","p5","p5","p6","p6","p7","p7","p8","p8","p9","p9","p10","p10","p11","p11","p12","p12","p13","p13","p14","p14","p15","p15","p16","p16","p17","p17","p18","p18","p1"],"snodepoints":{"p1":[-1.424923,-0.216084,0],"p10":[1.554092,2.822655,0],"p11":[1.54439,1.962032,0],"p12":[1.368069,1.57929,0],"p13":[1.573183,0.975813,0],"p14":[1.756343,-0.069981,0],"p15":[1.71373,-0.663403,-0.160274],"p16":[0.112264,-0.930492,0],"p17":[-1.065901,-0.66782,0.003022],"p18":[-1.440918,-0.600124,0],"p2":[-1.71257,0.393604,0],"p3":[-1.769135,1.274782,0],"p4":[-1.336131,2.335396,0],"p5":[-1.36942,3.074976,0],"p6":[-1.085692,4.600666,0],"p7":[-0.263002,5.661858,0],"p8":[0.550612,5.382889,0],"p9":[1.254056,4.563129,0]},"stransformpos":"Transform( 0.999503, 0, 0.0315307, 0, 1, 0, -0.0315307, 0, 0.999503, 18.3084, 28.1469, -19.5794 )","xcresource":""}
{"drawingtype":0,"drawingvisiblecode":2,"name":"s89","onepathpairs":["p1","p2","p2","p3","p3","p4","p4","p5","p5","p6","p6","p7","p7","p8","p8","p9","p9","p10","p10","p11","p11","p1"],"snodepoints":{"p1":[-0.665114,-0.013899,0],"p10":[0.210704,-0.59889,0],"p11":[-0.696023,-0.43581,0],"p2":[-0.581594,0.494539,0],"p3":[-0.34781,1.428663,0],"p4":[-0.073093,2.566372,0],"p5":[0.725643,3.531445,0],"p6":[0.885858,2.605642,0],"p7":[0.682245,1.496883,0],"p8":[0.93105,0.451038,0],"p9":[0.734488,-0.221609,0]},"stransformpos":"Transform( 0.096241, 0, 0.995358, 0, 1, 0, -0.995358, 0, 0.096241, 14.5753, 28.1126, -21.4925 )","xcresource":""}
{"drawingtype":0,"drawingvisiblecode":3,"name":"s90","onepathpairs":["p1","p2","p2","p3","p3","p4","p4","p5","p5","p6","p6","p7","p7","p8","p8","p9","p9","p1"],"snodepoints":{"p1":[-1.294147,-0.71756,0],"p2":[-0.936058,-0.073181,0],"p3":[-0.804272,0.888638,0],"p4":[-0.478983,1.766085,0],"p5":[-0.030034,1.38134,0],"p6":[0.030582,0.539532,0],"p7":[-0.255821,-0.661205,0],"p8":[-0.444344,-1.215046,-0.122156],"p9":[-1.270633,-1.067421,0]},"stransformpos":"Transform( -0.234572, 0, 0.972099, 0, 1, 0, -0.972099, 0, -0.234572, 12.0219, 29.3136, -23.669 )","xcresource":""}
{"drawingtype":0,"drawingvisiblecode":2,"name":"s93","onepathpairs":["p1","p2","p2","p3","p3","p4","p4","p5","p5","p6","p6","p7","p7","p8","p8","p9","p9","p10","p10","p11","p11","p1"],"snodepoints":{"p1":[-0.040475,-0.019833,0],"p10":[0.576359,-0.50762,0],"p11":[0.107654,-0.534336,0],"p2":[-0.128863,0.603613,0],"p3":[-0.085223,1.365587,0],"p4":[0.401425,1.983412,0],"p5":[0.549538,2.08791,0],"p6":[0.755234,1.761656,0],"p7":[0.865004,0.808245,0],"p8":[0.836899,0.30006,0],"p9":[0.805351,-0.264717,0]},"stransformpos":"Transform( -0.344204, 0, -0.938895, 0, 1, 0, 0.938895, 0, -0.344204, 9.8272, 28.5535, -23.3681 )","xcresource":""}
{"drawingtype":0,"drawingvisiblecode":3,"name":"s87","onepathpairs":["p1","p2","p2","p3","p3","p4","p4","p5","p5","p6","p6","p7","p7","p8","p8","p9","p9","p10","p10","p11","p11","p12","p12","p13","p13","p14","p14","p15","p15","p16","p16","p1"],"snodepoints":{"p1":[-1.393108,-0.220098,0],"p10":[2.531476,0.15967,0],"p11":[2.163757,-0.536396,0],"p12":[2.033928,-0.891138,0],"p13":[1.462029,-1.18828,0],"p14":[0.641662,-1.309338,0],"p15":[-0.103079,-1.251062,0],"p16":[-1.037198,-1.336632,0],"p2":[-1.628085,0.995354,0],"p3":[-1.403042,1.97032,0],"p4":[-1.044694,3.156591,0],"p5":[-0.156827,4.205965,0],"p6":[0.558151,4.332064,0],"p7":[1.268272,3.884752,0],"p8":[1.989733,2.951097,0],"p9":[2.670841,1.883341,0]},"stransformpos":"Transform( -0.884642, 0, 0.466271, 0, 1, 0, -0.466271, 0, -0.884642, 15.6345, 28.3945, -13.9402 )","xcresource":""}
{"drawingtype":1,"drawingvisiblecode":8,"imgtrim":{"imgheightwidthratio":1.808511,"imgwidth":10,"simgtrimleftdown":"Vector2( -5, -9.04255 )","simgtrimrightup":"Vector2( 5, 9.04255 )"},"name":"20812ddbdef60d9dto16,1","snodepoints":{},"stransformpos":"Transform( 1, 0, 0, 0, 0, 1, 0, -1, 0, 37.0675, 37.2784, -50.3881 )","xcresource":"http://cave-registry.org.uk/svn/NorthernEngland/PeakDistrict/Si-experiments/2081-scrap7-stn12-to16.png"}
{"drawingtype":0,"drawingvisiblecode":3,"name":"s94","onepathpairs":["p1","p2","p2","p3","p3","p4","p4","p5","p5","p6","p6","p1"],"snodepoints":{"p1":[2.974649,1.569176,0],"p2":[2.581052,1.023388,0],"p3":[2.635161,0.430588,0],"p4":[2.472833,-0.045931,0],"p5":[3.24152,-0.267548,0],"p6":[3.382711,0.660868,0]},"stransformpos":"Transform( -0.121522, 0, 0.992589, 0, 1, 0, -0.992589, 0, -0.121522, 5.6799, 30.6527, -20.8123 )","xcresource":""}
{"drawingtype":1,"drawingvisiblecode":8,"imgtrim":{"imgheightwidthratio":2.02657,"imgwidth":26.533387,"simgtrimleftdown":"Vector2( -13.2667, -26.8859 )","simgtrimrightup":"Vector2( 13.2667, 26.8859 )"},"name":"208119b4ca29b8cfart2,0","snodepoints":{"p1":[10.12398,24.061586,0],"p2":[-6.461394,-21.955673,0]},"stransformpos":"Transform( 0.999983, 0.00575575, 0, 0, 0, 1, 0.00575575, -0.999983, 0, 20.4623, 48.177, -49.4286 )","xcresource":"http://cave-registry.org.uk/svn/NorthernEngland/PeakDistrict/Si-experiments/2081-scrap5-stn-7-to-124.BotanicalHighway-part2.png"}
{"drawingtype":1,"drawingvisiblecode":8,"imgtrim":{"imgheightwidthratio":0.858667,"imgwidth":28.455032,"simgtrimleftdown":"Vector2( -14.2275, -12.2167 )","simgtrimrightup":"Vector2( 14.2275, 12.2167 )"},"name":"2081297faaf70087o-82,0","snodepoints":{"p1":[-7.787408,-10.760004,0],"p2":[2.060082,6.376577,0]},"stransformpos":"Transform( 0.997888, 0.0649586, 0, 0, 0, 1, 0.0649586, -0.997888, 0, 0.804741, 32.7421, -16.0005 )","xcresource":"http://cave-registry.org.uk/svn/NorthernEngland/PeakDistrict/Si-experiments/2081-scrap6-stn78-to-82.png"}
{"drawingtype":3,"drawingvisiblecode":0,"name":"r11","onepathpairs":["a0","k1","k1","k2","k2","k3","k3","k4","k4","k5","k5","k6","k6","a0","k2","k7","k7","k8","k8","k9","k9","k10","k10","k11","k11","k12","k12","k13","k13","k10","k13","k14","k14","k15","k15","k16","k16","k17","k17","k4","k6","k18","k18","k19","k19","k20","k20","k21","k21","k22","k22","k12","k11","k23","k23","k24","k24","k25","k25","k26","k26","k27","k27","a0"],"snodepoints":{"a0":[11.135039,17.709816,-15.308503],"k1":[11.090217,18.313871,-15.517085],"k10":[12.883502,19.588457,-14.992461],"k11":[12.923535,19.585318,-14.804366],"k12":[13.030383,19.534864,-14.949761],"k13":[13.027058,19.542509,-15.10191],"k14":[13.09814,19.332466,-15.271899],"k15":[13.038794,18.971514,-15.527612],"k16":[12.757583,18.459883,-15.754786],"k17":[12.346351,18.053255,-15.911952],"k18":[11.898187,17.228262,-15.205552],"k19":[12.275258,17.397421,-14.957685],"k2":[11.408433,18.51067,-15.923676],"k20":[12.754162,17.899691,-14.883434],"k21":[12.978697,18.421312,-14.924219],"k22":[13.030393,18.960787,-14.933993],"k23":[12.965796,19.234026,-14.774638],"k24":[12.95223,18.642788,-14.731848],"k25":[12.720324,18.087013,-14.600652],"k26":[12.263927,17.75465,-14.730249],"k27":[11.86464,17.735594,-14.916301],"k3":[11.664117,18.210213,-16.198828],"k4":[11.809077,17.635729,-16.200317],"k5":[11.750087,17.18343,-15.906904],"k6":[11.422153,17.10125,-15.555459],"k7":[12.021229,18.56023,-15.647334],"k8":[12.419975,18.936502,-15.297565],"k9":[12.63722,19.258045,-15.096058]},"stransformpos":"Transform( 1, 0, 0, 0, 1, 0, 0, 0, 1, 0, 0, 0 )","xcflatshellmaterial":"calcite","xcresource":""}
{"drawingtype":3,"drawingvisiblecode":0,"name":"r21","onepathpairs":["a0","k1","k1","k2","k2","k3","k3","k4","k4","k5","k5","k6","k6","a7"],"snodepoints":{"a0":[-3.764152,50.819843,30.759352],"a7":[-3.746625,50.796875,30.267138],"k1":[-3.683016,54.959194,30.651485],"k2":[-3.793191,54.681683,30.370403],"k3":[-3.798847,54.204784,30.347746],"k4":[-3.744101,53.910595,30.326897],"k5":[-3.722986,52.590603,30.300909],"k6":[-3.683975,51.776634,30.259958]},"stransformpos":"Transform( 1, 0, 0, 0, 1, 0, 0, 0, 1, 0, 0, 0 )","xcflatshellmaterial":"bluewaterback","xcresource":""}
{"drawingtype":0,"drawingvisiblecode":0,"name":"s41","onepathpairs":["p1","p2","p2","p3","p3","p4","p4","p5","p5","p6","p6","p7","p7","p8","p8","p9","p9","p10","p10","p11","p11","p12","p12","p1"],"snodepoints":{"p1":[-0.950357,0.546741,0],"p10":[0.563539,-0.569378,0],"p11":[-0.246355,-0.409786,0],"p12":[-0.834344,-0.006367,0],"p2":[-0.833056,1.799728,0],"p3":[-0.698499,3.321846,0],"p4":[-0.396954,4.297626,0],"p5":[0.367424,4.547241,0],"p6":[0.689763,4.051788,0],"p7":[0.719251,2.79792,0],"p8":[0.934447,1.256195,0],"p9":[1.01375,-0.257652,0]},"stransformpos":"Transform( 0.987101, 0, -0.160099, 0, 1, 0, 0.160099, 0, 0.987101, 25.5184, 57.7908, -61.1478 )","xcresource":""}
{"drawingtype":0,"drawingvisiblecode":0,"name":"s40","onepathpairs":["p1","p2","p2","p3","p3","p4","p4","p5","p5","p6","p6","p7","p7","p8","p8","p9","p9","p10","p10","p11","p11","p1"],"snodepoints":{"p1":[-0.330863,0.176582,0],"p10":[0.055128,-1.170219,0],"p11":[-0.158269,-0.412354,0],"p2":[-0.468437,1.005863,0],"p3":[-0.349327,2.329567,0],"p4":[-0.044914,3.366653,0],"p5":[0.748216,3.30249,0],"p6":[1.041363,2.158745,0],"p7":[0.954546,0.539673,0],"p8":[1.134156,-0.759003,0],"p9":[0.796809,-1.235844,0]},"stransformpos":"Transform( 0.987057, 0, -0.160368, 0, 1, 0, 0.160368, 0, 0.987057, 26.3618, 58.6449, -65.5892 )","xcresource":""}
{"drawingtype":0,"drawingvisiblecode":2,"name":"s47","onepathpairs":["p1","p2","p2","p3","p3","p4","p4","p5","p5","p6","p6","p1"],"snodepoints":{"p1":[-0.168533,-0.750584,0],"p2":[-0.142666,-0.037357,0],"p3":[0.362286,0.328812,0],"p4":[0.704815,-0.057995,0],"p5":[0.620676,-0.548302,0],"p6":[0.241627,-0.955341,0]},"stransformpos":"Transform( 1, 0, 0, 0, 0, 1, 0, -1, 0, 26.1177, 63.6453, -62.8128 )","xcresource":""}
{"drawingtype":0,"drawingvisiblecode":0,"name":"s39","onepathpairs":["p1","p2","p2","p3","p3","p4","p4","p5","p5","p6","p6","p7","p7","p1"],"snodepoints":{"p1":[-0.590386,1.989189,0],"p2":[0.294466,2.177509,0],"p3":[0.860221,2.111458,0],"p4":[1.155281,1.243252,0],"p5":[0.832215,0.656219,0],"p6":[-0.324997,0.629711,0],"p7":[-0.584482,1.012775,0]},"stransformpos":"Transform( 0.940467, 0, -0.339886, 0, 1, 0, 0.339886, 0, 0.940467, 28.3906, 58.8917, -69.5878 )","xcresource":""}
{"drawingtype":0,"drawingvisiblecode":2,"name":"s46","onepathpairs":["p1","p2","p2","p3","p3","p4","p4","p5","p5","p6","p6","p7","p7","p8","p8","p1"],"snodepoints":{"p1":[-1.645544,-1.394814,0],"p2":[-1.627886,-0.555786,0],"p3":[-1.152906,0.545567,0],"p4":[-0.650068,1.150162,0],"p5":[-0.135527,0.549469,0],"p6":[-0.07963,-0.152813,0],"p7":[-0.603672,-1.087097,0],"p8":[-1.259438,-1.528473,0]},"stransformpos":"Transform( 1, 0, 0, 0, 0, 1, 0, -1, 0, 27.6235, 68.7157, -62.9316 )","xcresource":""}
{"drawingtype":0,"drawingvisiblecode":0,"name":"s38","onepathpairs":["p1","p2","p2","p3","p3","p4","p4","p5","p5","p6","p6","p7","p7","p1","p2","p5"],"snodepoints":{"p1":[-0.609973,0.195618,0],"p2":[0.298451,0.326366,0],"p3":[1.029266,0.256828,0],"p4":[0.966438,-0.186371,0],"p5":[0.28401,-0.261379,0],"p6":[-0.279379,-0.288128,0],"p7":[-0.618744,-0.142342,0]},"stransformpos":"Transform( -0.953438, 0, 0.30159, 0, 1, 0, -0.30159, 0, -0.953438, 30.8112, 61.7164, -73.6615 )","xcflatshellmaterial":"calcite","xcresource":""}
{"drawingtype":0,"drawingvisiblecode":0,"name":"s71","onepathpairs":["p1","p2","p2","p3","p3","p4","p4","p5","p5","p6","p6","p7","p7","p8","p8","p9","p9","p10","p10","p11","p11","p12","p12","p13","p13","p1"],"snodepoints":{"p1":[-0.082841,0.296196,0],"p10":[0.303485,-1.689358,0],"p11":[-0.059614,-1.046581,0],"p12":[-0.424464,-0.756824,0],"p13":[-0.334355,-0.124226,0],"p2":[0.315892,0.145267,0],"p3":[0.372882,-0.186344,0],"p4":[0.790359,-1.254486,0],"p5":[1.031757,-3.066727,0],"p6":[0.909738,-4.354389,0],"p7":[0.687627,-4.787296,0],"p8":[0.388185,-3.591202,0],"p9":[0.460942,-2.729069,0]},"stransformpos":"Transform( 0.613124, 0, 0.789987, 0, 1, 0, -0.789987, 0, 0.613124, -5.22444, 55.2102, 1.85108 )","xcresource":""}
{"drawingtype":0,"drawingvisiblecode":0,"name":"s72","onepathpairs":["p1","p2","p2","p3","p3","p4","p4","p5","p5","p6","p6","p7","p7","p8","p8","p9","p9","p10","p10","p11","p11","p1"],"snodepoints":{"p1":[0.175705,0.354504,0],"p10":[0.204938,-0.541565,0],"p11":[0.353896,0.166489,0],"p2":[-0.279833,0.461437,0],"p3":[-0.625501,0.341892,0],"p4":[-0.748507,-0.20303,0],"p5":[-0.755035,-0.823418,0],"p6":[-0.720094,-1.58976,0],"p7":[-0.770233,-3.1884,0],"p8":[-0.290167,-2.364933,0],"p9":[0.015273,-1.139511,0]},"stransformpos":"Transform( -0.995398, 0, 0.0958235, 0, 1, 0, -0.0958235, 0, -0.995398, -5.01872, 54.8442, 3.94279 )","xcresource":""}
{"drawingtype":0,"drawingvisiblecode":2,"name":"s45","onepathpairs":["p1","p2","p2","p3","p3","p4","p4","p5","p5","p6","p6","p7","p7","p8","p8","p9","p9","p1"],"snodepoints":{"p1":[-0.445072,-0.792526,0],"p2":[-0.466045,-0.099392,0],"p3":[-0.170435,0.665977,0],"p4":[0.189608,2.216171,0],"p5":[0.601894,2.708458,0],"p6":[0.925749,1.375286,0],"p7":[0.741186,0.326294,0],"p8":[0.462269,-0.34343,0],"p9":[0.068682,-0.816391,0]},"stransformpos":"Transform( 1, 0, 0, 0, 0, 1, 0, -1, 0, 28.0633, 74.4644, -62.592 )","xcresource":""}
{"drawingtype":0,"drawingvisiblecode":0,"name":"s67","onepathpairs":["p1","p2","p2","p3","p3","p4","p4","p5","p5","p6","p6","p7","p7","p1"],"snodepoints":{"p1":[0.203178,0.441433,0],"p2":[-0.331853,0.074951,0],"p3":[-0.238343,-0.329506,0],"p4":[0.121927,-0.713299,0],"p5":[0.51581,-0.669628,0],"p6":[0.65286,0.049236,0],"p7":[0.53205,0.443115,0]},"stransformpos":"Transform( 0.879377, 0, 0.476126, 0, 1, 0, -0.476126, 0, 0.879377, -4.38926, 54.9241, 5.71492 )","xcresource":""}
{"drawingtype":0,"drawingvisiblecode":0,"name":"s69","onepathpairs":["p1","p2","p2","p3","p3","p4","p4","p5","p5","p6","p6","p7","p11","p12","p8","p9","p9","p1","p7","p10","p10","p11","p12","p8"],"snodepoints":{"p1":[0.093399,0.763908,0],"p10":[-2.260986,-1.240196,0],"p11":[-1.98682,-0.705475,0],"p12":[-1.417666,-0.255711,0],"p13":[-0.963302,0.107803,0],"p2":[0.711958,0.349052,0],"p3":[0.957112,-0.114391,0],"p4":[0.619305,-0.904842,0],"p5":[0.296072,-1.247555,0],"p6":[-0.20348,-1.274101,0],"p7":[-0.859912,-0.670448,0],"p8":[-0.790559,-0.143887,0.132092],"p9":[-0.450331,0.33905,0]},"stransformpos":"Transform( 0.866222, 0, 0.49966, 0, 1, 0, -0.49966, 0, 0.866222, -3.09693, 54.7958, 7.87051 )","xcresource":""}
{"drawingtype":1,"drawingvisiblecode":8,"imgtrim":{"imgheightwidthratio":1.635417,"imgwidth":4.233739,"simgtrimleftdown":"Vector2( -2.11687, -3.46196 )","simgtrimrightup":"Vector2( 2.11687, 3.46196 )"},"name":"2081ea1b7cba5388stn2,0","snodepoints":{},"stransformpos":"Transform( 1, 0, 0, 0, 0, 1, 0, -1, 0, 34.3451, 77.9437, -57.1102 )","xcresource":"http://cave-registry.org.uk/svn/NorthernEngland/PeakDistrict/Si-experiments/2081-scrap2-stn2.png"}
{"drawingtype":0,"drawingvisiblecode":2,"name":"s66","onepathpairs":["p1","p2","p2","p3","p3","p4","p4","p5","p5","p6","p6","p7","p7","p8","p8","p9","p9","p1"],"snodepoints":{"p1":[-0.221828,1.480076,-0.918153],"p2":[-0.445366,0.944824,-0.720252],"p3":[-0.436295,0.557266,-0.933388],"p4":[-0.144036,0.372444,-0.546842],"p5":[0.181015,0.307198,-0.511382],"p6":[0.488561,0.73188,-0.537599],"p7":[0.54695,1.10043,-0.616],"p8":[0.534757,1.550777,-0.713633],"p9":[0.008113,1.798649,-0.900134]},"stransformpos":"Transform( -0.195571, 0, 0.98069, 0, 1, 0, -0.98069, 0, -0.195571, -1.30009, 51.0227, 15.2113 )","xcresource":""}
{"drawingtype":0,"drawingvisiblecode":2,"name":"s64","onepathpairs":["p1","p2","p2","p3","p3","p4","p4","p5","p5","p6","p6","p7","p7","p8","p8","p9","p9","p1"],"snodepoints":{"p1":[-0.388293,1.786247,0],"p2":[-0.296895,2.807854,0],"p3":[0.204566,2.549129,0],"p4":[0.713305,1.675526,0],"p5":[0.611216,0.93404,0],"p6":[0.787259,-0.30545,0],"p7":[0.0105,-0.3339,0],"p8":[-0.471085,0.103642,0],"p9":[-0.331767,0.803268,0]},"stransformpos":"Transform( 0.333263, 0, 0.942834, 0, 1, 0, -0.942834, 0, 0.333263, -2.93857, 51.2873, 14.73 )","xcresource":""}
{"drawingtype":1,"drawingvisiblecode":8,"imgtrim":{"imgheightwidthratio":0.872247,"imgwidth":4.879965,"simgtrimleftdown":"Vector2( -2.43998, -2.12827 )","simgtrimrightup":"Vector2( 2.43998, 2.12827 )"},"name":"2081358d060698d3to-2,0","snodepoints":{"p2":[0.72351,-0.542393,0],"p3":[-0.68868,0.966806,0]},"stransformpos":"Transform( 0.990399, 0.13824, 0, 0, 0, 1, 0.13824, -0.990399, 0, 28.653, 77.7437, -63.3386 )","xcresource":"http://cave-registry.org.uk/svn/NorthernEngland/PeakDistrict/Si-experiments/2081-scrap1-stn0-to-2.png"}
{"drawingtype":0,"drawingvisiblecode":0,"name":"s60","onepathpairs":["p1","p2","p2","p3","p3","p4","p4","p5","p5","p6","p6","p7","p7","p1"],"snodepoints":{"p1":[0.097475,1.199768,0],"p2":[0.805725,0.543568,0],"p3":[0.966154,-0.364933,0],"p4":[0.746582,-0.844501,-0.639564],"p5":[0.009326,-0.791088,0],"p6":[-0.282907,-0.206276,0],"p7":[-0.217344,0.419872,0]},"stransformpos":"Transform( 0.692554, 0, -0.721367, 0, 1, 0, 0.721367, 0, 0.692554, -3.38581, 52.1765, 15.7292 )","xcresource":""}
{"drawingtype":1,"drawingvisiblecode":8,"imgtrim":{"imgheightwidthratio":2.410898,"imgwidth":43.511881,"simgtrimleftdown":"Vector2( -21.7559, -52.4514 )","simgtrimrightup":"Vector2( 21.7559, 4.59058 )"},"name":"20819660b12655baart1,1","snodepoints":{"p1":[-4.474689,-43.745655,0],"p2":[2.343799,-2.396387,0]},"stransformpos":"Transform( 0.999984, 0.00559387, 0, 0, 0, 1, 0.00559387, -0.999984, 0, -11.3954, 33.112, 19.5816 )","xcresource":"http://cave-registry.org.uk/svn/NorthernEngland/PeakDistrict/Si-experiments/2081-scrap5-stn-7-to-124.BotanicalHighway-part1.png"}
{"drawingtype":0,"drawingvisiblecode":2,"name":"s44","onepathpairs":["p1","p2","p2","p3","p3","p4","p4","p5","p5","p6","p6","p7","p7","p8","p8","p9","p9","p10","p10","p11","p11","p12","p12","p13","p13","p14","p14","p1"],"snodepoints":{"p1":[-0.965572,0.517597,0],"p10":[-0.109573,-1.324013,0],"p11":[-0.457726,-0.794266,0],"p12":[-0.79063,-0.608242,0],"p13":[-0.48781,-0.237259,0],"p14":[-0.885334,0.0714,0],"p2":[-0.685558,0.834663,0],"p3":[-0.165123,0.917656,0],"p4":[0.137901,0.277977,0],"p5":[0.789253,-0.048092,0],"p6":[0.675415,-0.519577,0],"p7":[0.770185,-1.308804,0],"p8":[0.735699,-2.711311,0],"p9":[-0.01721,-2.25082,0]},"stransformpos":"Transform( 1, 0, 0, 0, 0, 1, 0, -1, 0, 29.4307, 82.435, -62.6345 )","xcresource":""}
{"drawingtype":0,"drawingvisiblecode":0,"name":"s83","onepathpairs":["p1","p2","p2","p3","p3","p4","p4","p5","p5","p6","p6","p7","p11","p12","p1","p8","p9","p7","p1","p7","p8","p10","p10","p11","p12","p9","p8","p9"],"snodepoints":{"p1":[-1.551255,1.603661,0],"p10":[-2.604292,1.693184,0],"p11":[-2.604033,1.28783,0],"p12":[-2.165123,1.078701,0],"p2":[-1.03253,2.173801,0],"p3":[-0.033545,2.077538,0],"p4":[0.494888,1.211971,0],"p5":[-0.096225,0.21767,0],"p6":[-1.112205,0.461819,0],"p7":[-1.510355,0.835648,0],"p8":[-1.806877,1.567734,0],"p9":[-1.796502,1.08334,0]},"stransformpos":"Transform( -0.995071, 0, 0.0991635, 0, 1, 0, -0.0991635, 0, -0.995071, -7.2415, 49.9598, 18.994 )","xcflatshellmaterial":"mediumrock","xcresource":""}
{"drawingtype":1,"drawingvisiblecode":8,"imgtrim":{"imgheightwidthratio":2.410898,"imgwidth":43.524519,"simgtrimleftdown":"Vector2( -1.56944, 2.75142 )","simgtrimrightup":"Vector2( 21.7623, 52.4666 )"},"name":"20819660b12655baart1,0","snodepoints":{"p1":[13.035233,46.244526,0],"p3":[7.676231,5.901649,0]},"stransformpos":"Transform( 0.99997, 0.00770835, 0, 0, 0, 1, 0.00770835, -0.99997, 0, -11.5166, 47.4168, 19.503 )","xcresource":"http://cave-registry.org.uk/svn/NorthernEngland/PeakDistrict/Si-experiments/2081-scrap5-stn-7-to-124.BotanicalHighway-part1.png"}
{"drawingtype":0,"drawingvisiblecode":2,"name":"s43","onepathpairs":["p1","p2","p2","p3","p3","p4","p4","p5","p5","p6","p6","p7","p7","p8","p8","p1"],"snodepoints":{"p1":[-0.023373,0.681519,0],"p2":[0.231985,0.130722,0],"p3":[0.14164,-0.413277,0],"p4":[0.078838,-0.738495,0],"p5":[-0.320101,-0.655907,0],"p6":[-0.648155,-0.432514,0],"p7":[-0.621864,0.166786,0],"p8":[-0.576544,0.704605,0]},"stransformpos":"Transform( 1, 0, 0, 0, 0, 1, 0, -1, 0, 28.3387, 84.7226, -64.2012 )","xcresource":""}
{"drawingtype":0,"drawingvisiblecode":0,"name":"s86","onepathpairs":["p1","p2","p2","p3","p3","p4","p4","p5","p5","p6","p6","p7","p7","p1"],"snodepoints":{"p1":[-0.356324,-0.191586,0],"p2":[0.090533,-0.150845,0],"p3":[0.404967,-0.236511,0],"p4":[0.362189,-0.637878,0],"p5":[-0.040752,-0.757084,0],"p6":[-0.304597,-0.723133,0],"p7":[-0.383595,-0.507561,0]},"stransformpos":"Transform( -0.982357, 0, 0.187014, 0, 1, 0, -0.187014, 0, -0.982357, -5.73349, 50.508, 23.7639 )","xcresource":""}
{"drawingtype":0,"drawingvisiblecode":0,"name":"s56","onepathpairs":["p1","p2","p2","p3","p3","p4","p4","p5","p5","p6","p6","p7","p7","p8","p8","p1"],"snodepoints":{"p1":[0.104582,1.52771,0],"p2":[-0.145896,0.875744,0],"p3":[-0.219631,0.254299,0],"p4":[0.277922,-0.048393,0],"p5":[0.729847,0.350876,0],"p6":[1.034874,0.70256,0],"p7":[0.937409,1.081837,0],"p8":[0.54695,1.33477,0]},"stransformpos":"Transform( -0.572281, 0, -0.820058, 0, 1, 0, 0.820058, 0, -0.572281, -6.37552, 49.4028, 24.4962 )","xcresource":""}
{"drawingtype":0,"drawingvisiblecode":0,"name":"s85","onepathpairs":["p2","p3","p3","p11","p4","p5","p5","p6","p6","p7","p7","p8","p8","p9","p9","p2","p11","p4"],"snodepoints":{"p11":[-0.480006,0.981625,0],"p2":[0.476326,0.937031,0],"p3":[-0.116699,0.997086,0],"p4":[-0.743211,1.168343,0],"p5":[-0.576467,1.43158,0],"p6":[0.335285,1.753128,0],"p7":[0.835059,1.807739,0],"p8":[1.085934,1.261478,0],"p9":[0.997604,0.843971,0]},"stransformpos":"Transform( 0.526225, 0, 0.850346, 0, 1, 0, -0.850346, 0, 0.526225, -8.26928, 49.0945, 23.4413 )","xcresource":""}
{"drawingtype":0,"drawingvisiblecode":0,"name":"s55","onepathpairs":["p1","p2","p2","p3","p3","p4","p4","p5","p5","p6","p6","p7","p7","p8","p8","p1"],"snodepoints":{"p1":[0.245892,0.417667,0],"p2":[-0.110047,0.169716,0],"p3":[-0.433011,-0.238396,0],"p4":[-0.069775,-0.510944,0],"p5":[0.468124,-0.643456,0],"p6":[0.923763,-0.436394,0],"p7":[1.109604,-0.124332,0],"p8":[0.835862,0.374191,0]},"stransformpos":"Transform( 0.996286, 0, 0.0861031, 0, 1, 0, -0.0861031, 0, 0.996286, -9.399, 50.5131, 21.8258 )","xcresource":""}
{"drawingtype":0,"drawingvisiblecode":0,"name":"Hole;s54;s56","onepathpairs":["r1p3","r0p8","r0p8","r0p9","r0p9","r1p2","r1p2","r1p3"],"snodepoints":{"r0p8":[-1.15361,-0.355289,-0.031087],"r0p9":[-1.163169,0.099926,0.019472],"r1p2":[1.152491,0.410698,-0.009962],"r1p3":[1.165411,-0.210747,0.062634]},"stransformpos":"Transform( -0.707107, 0, 0.707107, 0, 1, 0, -0.707107, 0, -0.707107, -5.47005, 49.8678, 25.1844 )","xcresource":""}
{"drawingtype":0,"drawingvisiblecode":0,"name":"s54","onepathpairs":["p1","p2","p2","p3","p3","p4","p4","p5","p5","p6","p6","p7","p7","p8","p8","p9","p9","p1"],"snodepoints":{"p1":[0.949376,1.084469,0],"p2":[0.309926,0.904697,0],"p3":[0.072409,0.163105,0],"p4":[0.121883,-0.171654,0],"p5":[-0.009659,-0.667309,0],"p6":[0.316233,-0.734257,0],"p7":[0.704628,-0.631676,0],"p8":[1.102576,-0.304741,0],"p9":[1.154031,0.150475,0]},"stransformpos":"Transform( 0.826152, 0, 0.563448, 0, 1, 0, -0.563448, 0, 0.826152, -5.5872, 49.8173, 26.6434 )","xcresource":""}
{"drawingtype":0,"drawingvisiblecode":0,"name":"s8","onepathpairs":["p6","p7","p2","p3","p3","p4","p4","p5","p5","p6","p7","p8","p8","p2"],"snodepoints":{"p2":[3.068998,-1.119308,0],"p3":[2.812595,-1.791615,0],"p4":[1.599884,-1.009712,0],"p5":[0.866476,-0.099373,0],"p6":[1.700136,0.66893,0],"p7":[2.295532,0.396286,0],"p8":[2.79912,-0.393661,0]},"stransformpos":"Transform( 1, 0, 0, 0, 0, 1, 0, -1, 0, 24.7264, 87.6783, -65.3491 )","xcresource":""}
{"drawingtype":0,"drawingvisiblecode":0,"name":"s7","onepathpairs":["p1","p2","p2","p3","p3","p4","p4","p5","p5","p6","p6","p7","p7","p8","p8","p9","p9","p10","p10","p11","p11","p1"],"snodepoints":{"p1":[2.387276,0.519287,0],"p10":[0.220675,2.659912,0],"p11":[1.434584,1.9179,0],"p2":[2.941744,-1.219982,0],"p3":[2.031288,-2.850552,0],"p4":[0.263714,-4.195576,0],"p5":[-3.502665,-4.366528,0],"p6":[-5.267458,-1.860802,0],"p7":[-4.959688,0.660385,0],"p8":[-3.016413,1.98101,0],"p9":[-1.168215,2.659729,0]},"stransformpos":"Transform( 1, 0, 0, 0, 0, 1, 0, -1, 0, 26.4417, 88.8254, -63.9476 )","xcresource":""}
{"drawingtype":0,"drawingvisiblecode":0,"name":"s51","onepathpairs":["p1","p2","p2","p3","p3","p4","p4","p5","p5","p6","p6","p7","p7","p8","p8","p1"],"snodepoints":{"p1":[-0.347139,0.77784,0],"p2":[-0.554618,0.184757,0],"p3":[-0.607767,-1.218693,0],"p4":[-0.340611,-2.097919,0],"p5":[0.110692,-2.167904,0],"p6":[0.39602,-0.70636,0],"p7":[0.220634,0.115902,0],"p8":[0.10388,0.695225,0]},"stransformpos":"Transform( 0.959816, 0, 0.280629, 0, 1, 0, -0.280629, 0, 0.959816, -3.86231, 50.2411, 29.8912 )","xcresource":""}
{"drawingtype":0,"drawingvisiblecode":0,"name":"s52","onepathpairs":["p1","p2","p2","p3","p3","p4","p4","p5","p5","p6","p6","p7","p7","p8","p8","p9","p9","p10","p10","p11","p11","p12","p12","p13","p13","p1"],"snodepoints":{"p1":[0.732998,1.15551,0],"p10":[0.822681,-0.658176,0],"p11":[0.776276,-0.253151,0],"p12":[1.180831,0.152927,0],"p13":[1.03789,0.751255,0],"p2":[-0.116987,0.826103,0],"p3":[-0.227663,0.053432,0],"p4":[-0.357254,-0.627819,0],"p5":[-0.423005,-1.577843,0],"p6":[-0.1716,-1.770927,0],"p7":[0.263754,-2.335827,0],"p8":[0.658586,-2.034988,0],"p9":[0.821146,-1.246601,0]},"stransformpos":"Transform( -0.998566, 0, 0.0535333, 0, 1, 0, -0.0535333, 0, -0.998566, -3.91855, 49.6403, 34.7088 )","xcresource":""}
{"drawingtype":0,"drawingvisiblecode":0,"name":"s53","onepathpairs":["p1","p2","p2","p3","p3","p4","p4","p5","p5","p6","p6","p7","p7","p8","p8","p9","p9","p10","p10","p11","p11","p12","p12","p1"],"snodepoints":{"p1":[-0.936957,1.665314,0],"p10":[-1.057299,-1.024704,0],"p11":[-1.637256,0.273384,0],"p12":[-1.482798,1.04073,0],"p2":[-0.638917,2.45192,0],"p3":[0.064081,2.600834,0],"p4":[0.354291,2.156082,0],"p5":[0.498248,1.308544,0],"p6":[0.361245,0.826977,0],"p7":[-0.006422,-0.144695,0],"p8":[0.057681,-1.008781,0],"p9":[-0.768226,-1.340744,0]},"stransformpos":"Transform( 0.552767, 0, -0.833336, 0, 1, 0, 0.833336, 0, 0.552767, -6.73532, 47.1634, 36.8439 )","xcresource":""}
{"drawingtype":0,"drawingvisiblecode":0,"name":"s48","onepathpairs":["p1","p2","p2","p3","p3","p4","p4","p5","p5","p6","p6","p7","p7","p8","p8","p9","p9","p1"],"snodepoints":{"p1":[-2.015515,0.234318,0],"p2":[-1.790804,1.21336,0],"p3":[-1.424673,2.08757,0],"p4":[-0.534359,3.006077,0],"p5":[0.189766,2.87635,0],"p6":[0.029326,1.675667,0],"p7":[-0.738402,0.252686,0],"p8":[-1.075282,-1.173298,0],"p9":[-1.86236,-0.985451,0]},"stransformpos":"Transform( -0.582618, 0, 0.812746, 0, 1, 0, -0.812746, 0, -0.582618, -10.2622, 45.3144, 37.1914 )","xcresource":""}
{"drawingtype":0,"drawingvisiblecode":0,"name":"s34","onepathpairs":["p1","p2","p2","p3","p3","p4","p4","p5","p5","p6","p6","p7","p7","p1"],"snodepoints":{"p1":[1.625009,-0.013199,0],"p2":[1.805771,-1.351181,0],"p3":[1.227036,-2.271957,0],"p4":[-0.189017,-2.154633,0],"p5":[-0.657331,-1.384521,0],"p6":[-0.217575,-0.149067,0],"p7":[0.407788,0.289085,0]},"stransformpos":"Transform( 1, 0, 0, 0, 0, 1, 0, -1, 0, -13.9274, 37.2656, 40.2434 )","xcresource":""}
{"drawingtype":0,"drawingvisiblecode":0,"name":"s37","onepathpairs":["p1","p2","p2","p3","p3","p4","p4","p5","p5","p1"],"snodepoints":{"p1":[-0.694136,-2.887848,0],"p2":[-0.772582,-2.418037,0],"p3":[-0.193737,-2.421089,0],"p4":[0.083133,-2.579006,0],"p5":[-0.180202,-2.976948,0]},"stransformpos":"Transform( -0.551587, 0, 0.834117, 0, 1, 0, -0.834117, 0, -0.551587, -8.91374, 46.2766, 40.8107 )","xcresource":""}
{"drawingtype":0,"drawingvisiblecode":0,"name":"s30","onepathpairs":["p1","p2","p2","p3","p3","p4","p4","p5","p5","p6","p6","p7","p7","p8","p8","p9","p9","p10","p10","p11","p11","p1"],"snodepoints":{"p1":[-0.72605,0.021183,0],"p10":[-0.34946,-1.149441,0],"p11":[-0.735025,-0.461338,0],"p2":[-0.776292,0.85503,0],"p3":[-0.671351,2.084091,0],"p4":[-0.307537,2.584644,0],"p5":[0.74068,2.227142,0],"p6":[0.924718,0.72987,0],"p7":[0.922761,0.138683,0],"p8":[1.246826,-0.570633,0],"p9":[0.518658,-1.206245,0]},"stransformpos":"Transform( 0.72816, 0, -0.685408, 0, 1, 0, 0.685408, 0, 0.72816, -12.4178, 46.2961, 39.0649 )","xcresource":""}
{"drawingtype":0,"drawingvisiblecode":0,"name":"s33","onepathpairs":["p1","p2","p2","p3","p3","p4","p4","p5","p5","p6","p6","p1"],"snodepoints":{"p1":[-0.350577,-0.640205,0],"p2":[0.159047,-0.279392,0],"p3":[0.644047,-0.37328,0],"p4":[0.389799,-0.850685,0],"p5":[-0.090581,-1.069794,0],"p6":[-0.3707,-1.014046,0]},"stransformpos":"Transform( 1, 0, 0, 0, 0, 1, 0, -1, 0, -13.5651, 41.7709, 41.9285 )","xcresource":""}
{"drawingtype":0,"drawingvisiblecode":0,"name":"s31","onepathpairs":["p1","p2","p2","p3","p3","p4","p4","p5","p5","p6","p6","p7","p7","p8","p8","p9","p9","p1","p21","p19","p20","p21","p18","p19","p17","p18","p15","p16","p16","p17","p9","p16","p15","p20","p20","p2"],"snodepoints":{"p1":[-0.214695,0.676048,0],"p15":[0.037768,0.608097,0],"p16":[0.043371,-0.048401,0.519941],"p17":[0.602602,-0.04834,0],"p18":[0.777527,0.230625,0],"p19":[0.700853,0.565876,0],"p2":[-0.421926,1.621941,0],"p20":[0.08755,0.904106,0],"p21":[0.522469,0.7584,0],"p3":[-0.799006,2.370121,0],"p4":[-1.727179,2.55806,0],"p5":[-2.020475,1.879288,0],"p6":[-2.046449,0.734547,0],"p7":[-1.462754,0.057274,0],"p8":[-0.755633,-0.268551,0.319556],"p9":[-0.395851,-0.072159,0.508036]},"stransformpos":"Transform( 0.700834, 0, -0.713325, 0, 1, 0, 0.713325, 0, 0.700834, -12.1939, 44.0196, 42.4868 )","xcresource":""}
{"drawingtype":0,"drawingvisiblecode":0,"name":"s32","onepathpairs":["p1","p2","p2","p3","p3","p4","p4","p5","p5","p6","p6","p7","p7","p8","p8","p9","p9","p10","p10","p1"],"snodepoints":{"p1":[-1.557344,-0.608627,0],"p10":[-1.30768,-1.295998,0],"p2":[-1.497759,0.313702,0],"p3":[-0.857439,1.126797,0],"p4":[-0.121,1.355816,0],"p5":[0.411336,0.940609,0],"p6":[0.688777,0.285942,0],"p7":[0.548611,-0.711174,0],"p8":[-0.036236,-1.585899,0],"p9":[-0.680643,-1.607086,0]},"stransformpos":"Transform( 0.468069, 0, -0.883692, 0, 1, 0, 0.883692, 0, 0.468069, -13.7835, 44.5705, 43.278 )","xcresource":""}
{"drawingtype":0,"drawingvisiblecode":0,"name":"s35","onepathpairs":["p1","p2","p2","p3","p3","p4","p4","p5","p5","p6","p6","p7","p7","p8","p8","p9","p9","p10","p10","p1","p18","p19","p11","p12","p12","p13","p13","p14","p14","p15","p15","p16","p16","p17","p17","p18","p19","p11","p10","p14","p3","p11"],"snodepoints":{"p1":[-0.026129,1.240841,0],"p10":[-0.134035,2.205421,0],"p11":[0.418491,-0.590824,0],"p12":[0.488693,0.371727,0],"p13":[0.411543,1.365143,0],"p14":[0.434438,2.237808,0],"p15":[1.064726,2.615707,0],"p16":[1.4943,1.922478,0],"p17":[1.471703,0.752815,0],"p18":[1.281365,-0.452965,0],"p19":[0.836779,-0.709934,0],"p2":[0.017468,0.452633,0],"p3":[-0.020491,-0.483494,0],"p4":[-0.579463,-1.09499,0],"p5":[-1.218311,-1.075432,0],"p6":[-1.474164,-0.416805,0],"p7":[-1.616103,1.032265,0],"p8":[-1.495149,1.846523,0],"p9":[-0.870725,2.517368,0]},"stransformpos":"Transform( -0.584932, 0, -0.811082, 0, 1, 0, 0.811082, 0, -0.584932, -19.0016, 43.2504, 44.6036 )","xcresource":""}
