__tunnelvr__ coppermine
{"Nxcdrawings":80,"Nxctubes":68,"datetime":{"day":7,"dst":false,"hour":12,"minute":24,"month":2,"second":49,"weekday":1,"year":2022},"playerplatform":"Quest","sheadtrans":"Transform( 0.986894, 0.00191597, 0.161361, -0.0872426, 0.847536, 0.523519, -0.135756, -0.530735, 0.836595, 45.6595, 40.9326, 20.3472 )","stransformpos":"Transform( 0.996565, 0, -0.0828184, 0, 1, 0, 0.0828184, 0, 0.996565, 45.744, 39.3263, 20.1771 )","tunnelvrversion":"v0.7.8"}
{"drawingtype":0,"drawingvisiblecode":0,"name":"s63","onepathpairs":["p7","p1","p2","p3","p4","p9","p6","p7","p5","p6","p5","p4","p9","p3"],"snodepoints":{"p1":[-1.557274,0.471481,0],"p2":[0.892594,0.235844,0],"p3":[0.297493,-0.184124,0],"p4":[-0.272318,-2.829491,0],"p5":[-1.051251,-2.757462,0],"p6":[-1.044517,-1.82478,0],"p7":[-1.098996,-0.220753,0],"p9":[0.054672,-2.147659,0]},"stransformpos":"Transform( 0.672308, 0, 0.740271, 0, 1, 0, -0.740271, 0, 0.672308, 41.0617, 54.515, 7.00062 )","xcresource":""}
{"drawingtype":0,"drawingvisiblecode":0,"name":"s76","onepathpairs":["p1","p2","p2","p3","p3","p4","p4","p5","p5","p6","p6","p7","p7","p8","p8","p9","p9","p10","p10","p1"],"snodepoints":{"p1":[-0.497753,3.866596,0],"p10":[0.964552,4.127972,0],"p2":[-0.415038,2.765896,0],"p3":[-0.479633,1.322617,0],"p4":[-0.684445,0.709003,0],"p5":[-0.400096,-0.12241,0],"p6":[0.323628,-0.148228,0],"p7":[0.557741,0.581303,0],"p8":[0.746069,1.411037,0],"p9":[1.09048,3.187912,0]},"stransformpos":"Transform( 0.573213, 0, 0.819407, 0, 1, 0, -0.819407, 0, 0.573213, 38.1012, 51.2722, 4.89139 )","xcresource":""}
{"drawingtype":0,"drawingvisiblecode":0,"name":"s75","onepathpairs":["p1","p2","p2","p3","p3","p4","p4","p5","p5","p6","p6","p14","p7","p8","p8","p9","p9","p10","p10","p11","p11","p12","p12","p13","p13","p1","p14","p7"],"snodepoints":{"p1":[-1.087829,3.268745,0],"p10":[0.159029,-0.446045,0],"p11":[-0.597133,0.19146,0],"p12":[-0.900583,1.189255,0],"p13":[-1.051521,2.131027,0],"p14":[1.879521,-0.45298,0],"p2":[-0.723703,3.839329,0],"p3":[0.198538,3.634327,0],"p4":[0.464175,2.396988,0],"p5":[0.793686,1.453545,0],"p6":[1.650936,0.342392,0],"p7":[2.059826,-1.176922,0],"p8":[1.50544,-2.336552,0],"p9":[0.767991,-1.805016,0]},"stransformpos":"Transform( -0.620205, 0, -0.78444, 0, 1, 0, 0.78444, 0, -0.620205, 36.0978, 51.5329, 2.9067 )","xcresource":""}
{"drawingtype":0,"drawingvisiblecode":0,"name":"s64","onepathpairs":["p1","p2","p2","p3","p3","p4","p4","p5","p5","p6","p6","p7","p7","p8","p8","p9","p9","p10","p10","p11","p11","p12","p12","p13","p13","p14","p14","p15","p15","p1"],"snodepoints":{"p1":[-2.471966,-0.065178,0],"p10":[0.246315,-1.661621,0],"p11":[-0.965945,-1.559372,0],"p12":[-1.235312,-3.234657,0],"p13":[-2.455552,-3.625439,0],"p14":[-3.305678,-3.184692,0],"p15":[-3.03025,-1.651833,0],"p2":[-2.183127,1.51347,0],"p3":[-1.591946,3.004997,0],"p4":[-1.103025,4.10931,0],"p5":[-0.221592,5.075233,0],"p6":[0.342967,4.28973,0],"p7":[0.47814,1.788567,0],"p8":[1.709604,1.061188,0],"p9":[1.583148,0.142315,0]},"stransformpos":"Transform( 0.764525, 0, 0.644594, 0, 1, 0, -0.644594, 0, 0.764525, 39.0925, 48.0923, 9.27903 )","xcresource":""}
{"drawingtype":0,"drawingvisiblecode":0,"name":"s61","onepathpairs":["p1","p16","p2","p3","p3","p4","p4","p5","p5","p6","p6","p7","p7","p8","p8","p9","p9","p10","p10","p11","p11","p12","p12","p13","p13","p14","p14","p15","p15","p1","p2","p11","p16","p2","p16","p12"],"snodepoints":{"p1":[-0.608629,0.492138,0],"p10":[1.723554,0.106289,0],"p11":[1.042441,0.091896,0],"p12":[0.708866,-0.835751,0],"p13":[0.401939,-1.778603,0],"p14":[-0.211954,-1.671516,0],"p15":[-0.567474,-0.538158,0],"p16":[0.16126,0.758858,0],"p2":[0.592844,0.861118,0],"p3":[0.914209,1.830734,0],"p4":[1.046769,3.18169,0],"p5":[1.186364,4.51833,0],"p6":[2.079268,5.030834,0],"p7":[2.584257,3.81913,0],"p8":[2.191589,2.143749,0],"p9":[1.903724,0.866402,0]},"stransformpos":"Transform( 0.610249, 0, 0.79221, 0, 1, 0, -0.79221, 0, 0.610249, 35.811, 50.7092, 4.57646 )","xcresource":""}
{"drawingtype":0,"drawingvisiblecode":0,"name":"s65","onepathpairs":["p1","p2","p2","p3","p3","p4","p4","p5","p5","p16","p6","p7","p7","p8","p8","p9","p9","p10","p10","p11","p12","p15","p12","p13","p13","p1","p1","p14","p14","p9","p15","p11","p16","p6"],"snodepoints":{"p1":[-0.963002,-0.076103,0],"p10":[0.273365,-1.764034,0],"p11":[0.061673,-3.591007,0],"p12":[-1.041921,-3.630764,0],"p13":[-0.997161,-2.121227,0],"p14":[-0.316567,-0.262848,0],"p15":[-0.449635,-3.873013,0],"p16":[-0.126703,5.376469,0],"p2":[-0.840678,0.94178,0],"p3":[-0.795746,2.540108,0],"p4":[-0.765167,4.240757,0],"p5":[-0.66854,5.107456,0],"p6":[0.595037,5.021336,0],"p7":[0.750315,3.620766,0],"p8":[0.450281,2.031551,0],"p9":[0.346582,-0.412395,0]},"stransformpos":"Transform( 0.657905, 0, 0.753101, 0, 1, 0, -0.753101, 0, 0.657905, 43.0133, 48.0423, 14.1007 )","xcresource":""}
{"drawingtype":0,"drawingvisiblecode":0,"name":"s62","onepathpairs":["p1","p2","p6","p1","p3","p4","p4","p5","p5","p6"],"snodepoints":{"p1":[-0.676332,-0.072289,0],"p2":[-0.621696,1.178684,0],"p3":[0.57255,1.248245,0],"p4":[0.708468,-0.123791,0],"p5":[0.635912,-1.474903,0],"p6":[-0.510966,-1.548294,0]},"stransformpos":"Transform( 0.803145, 0, 0.595783, 0, 1, 0, -0.595783, 0, 0.803145, 32.3608, 53.3769, -1.23389 )","xcresource":""}
{"drawingtype":0,"drawingvisiblecode":0,"name":"s33","onepathpairs":["p1","p2","p2","p11","p3","p4","p4","p5","p5","p6","p6","p7","p7","p8","p8","p9","p9","p10","p10","p1","p11","p3"],"snodepoints":{"p1":[-1.113282,5.271935,0],"p10":[-1.245529,2.996876,0],"p11":[0.607455,4.950951,0],"p2":[0.34971,6.381054,0],"p3":[0.185867,3.31216,0],"p4":[0.410974,0.90173,0],"p5":[0.332966,-0.677673,0],"p6":[-0.164585,-1.660126,0],"p7":[-1.708112,-1.342068,0],"p8":[-1.80409,-0.346729,0],"p9":[-1.233329,1.715515,0]},"stransformpos":"Transform( 0.726948, 0, 0.686692, 0, 1, 0, -0.686692, 0, 0.726948, 47.9718, 51.3164, 18.0133 )","xcresource":""}
{"drawingtype":0,"drawingvisiblecode":0,"name":"s66","onepathpairs":["p1","p2","p2","p3","p3","p4","p4","p5","p5","p6","p6","p7","p7","p8","p8","p9","p9","p10","p10","p11","p11","p12","p1","p12"],"snodepoints":{"p1":[-1.269943,0.344337,0],"p10":[-1.426898,-6.337151,0],"p11":[-1.157267,-4.259018,0],"p12":[-1.097075,-2.162395,0],"p2":[-0.94596,4.160801,0],"p3":[-0.285845,5.739929,0],"p4":[0.740573,4.274574,0],"p5":[0.395603,-0.157932,0],"p6":[0.015445,-4.787231,0],"p7":[-0.323082,-7.394238,0],"p8":[-0.848233,-8.479736,0],"p9":[-1.467162,-7.909401,0]},"stransformpos":"Transform( 0.799611, 0, 0.600519, 0, 1, 0, -0.600519, 0, 0.799611, 49.7591, 51.5278, 19.948 )","xcresource":""}
{"drawingtype":0,"drawingvisiblecode":2,"name":"s74","onepathpairs":["p1","p2","p2","p3","p3","p4","p4","p5","p5","p6"],"snodepoints":{"p1":[-3.158571,-2.118031,0],"p2":[-2.24117,-2.762543,0],"p3":[-0.966292,-3.429218,0],"p4":[0.621989,-3.319534,0],"p5":[1.971375,-2.576038,0],"p6":[2.409289,-1.996929,0]},"stransformpos":"Transform( -0.821454, 0, -0.570275, 0, 1, 0, 0.570275, 0, -0.821454, 27.6103, 57.0302, -6.07206 )","xcresource":""}
{"drawingtype":0,"drawingvisiblecode":0,"name":"Hole;s44;s53","onepathpairs":["r1p1","r0p3","r0p3","r0p4","r0p4","r0p5","r0p5","r0p6","r0p6","r0p7","r0p7","r1p7","r1p7","r1p6","r1p6","r1p5","r1p5","r1p4","r1p4","r1p3","r1p3","r1p2","r1p2","r1p1"],"snodepoints":{"r0p3":[-1.936598,-5.816525,0.290455],"r0p4":[-1.742151,-2.291462,-0.069543],"r0p5":[-1.98431,-0.373598,0.378788],"r0p6":[-1.799468,2.806908,0.036571],"r0p7":[-1.399683,5.252506,-0.703589],"r1p1":[1.608882,-4.363731,0.184131],"r1p2":[1.583624,-2.44379,-0.09221],"r1p3":[1.595164,-2.040796,0.034047],"r1p4":[1.622397,-0.493723,0.332],"r1p5":[1.595615,2.088913,0.038988],"r1p6":[1.580675,2.715134,-0.124476],"r1p7":[1.513387,5.500198,-0.860644]},"stransformpos":"Transform( 0.354479, 0, -0.935064, 0, 1, 0, 0.935064, 0, 0.354479, 42.2365, 32.0638, 0.173172 )","xcresource":""}
{"drawingtype":0,"drawingvisiblecode":0,"name":"s67","onepathpairs":["p1","p2","p2","p3","p3","p4","p4","p5","p5","p6","p6","p7","p7","p8","p8","p9","p9","p10","p10","p11","p11","p12","p12","p13","p13","p14","p14","p1"],"snodepoints":{"p1":[2.207642,9.310471,0],"p10":[-0.188001,-4.111568,0],"p11":[0.467533,-2.298386,0],"p12":[1.321734,0.629864,0],"p13":[1.669656,3.709465,0],"p14":[2.06541,6.933994,0],"p2":[2.515149,9.523094,0],"p3":[3.069617,9.231918,0],"p4":[3.850861,8.054501,0],"p5":[3.653335,5.948284,0],"p6":[2.928798,2.817524,0],"p7":[2.045621,-1.16523,0],"p8":[1.465278,-3.370377,0],"p9":[0.956744,-4.342896,0]},"stransformpos":"Transform( 0.961695, 0, 0.274123, 0, 1, 0, -0.274123, 0, 0.961695, 50.2715, 45.485, 25.0553 )","xcresource":""}
{"drawingtype":0,"drawingvisiblecode":0,"name":"s55","onepathpairs":["p1","p2","p2","p3","p5","p6","p5","p7","p7","p3","p6","p1"],"snodepoints":{"p1":[-1.444322,-2.587969,0],"p2":[-0.26155,-3.015875,0],"p3":[0.222773,-2.448835,0],"p5":[-0.324108,-0.630045,0],"p6":[-1.466335,-1.179205,0],"p7":[0.238794,-1.217167,0]},"stransformpos":"Transform( 0.908715, 0, -0.417418, 0, 1, 0, 0.417418, 0, 0.908715, 40.8606, 30.0807, 3.59108 )","xcresource":""}
{"drawingtype":0,"drawingvisiblecode":0,"name":"s46","onepathpairs":["p1","p2","p12","p1","p11","p12","p4","p5","p5","p6","p6","p7","p16","p17","p8","p9","p9","p10","p10","p11","p4","p14","p14","p2","p7","p15","p15","p16","p17","p8"],"snodepoints":{"p1":[-0.984336,-0.665514,0],"p10":[-0.326087,2.008133,0],"p11":[-0.611872,1.058372,0],"p12":[-0.834727,0.636307,0],"p14":[0.627483,-1.460062,0],"p15":[2.003088,7.864382,0],"p16":[1.766886,8.752924,0],"p17":[0.960018,7.814859,0],"p2":[-0.271868,-1.344582,0],"p4":[0.436932,0.072987,0],"p5":[1.30608,2.280348,0],"p6":[1.402859,3.357248,0],"p7":[1.725949,5.149637,0],"p8":[0.647372,6.413939,0],"p9":[-0.030537,2.786777,0]},"stransformpos":"Transform( 0.827978, 0, 0.56076, 0, 1, 0, -0.56076, 0, 0.827978, 47.5761, 30.8309, 11.2828 )","xcresource":""}
{"drawingtype":0,"drawingvisiblecode":0,"name":"s49","onepathpairs":["p1","p2","p5","p11","p9","p1","p8","p9","p5","p6","p6","p7","p7","p8","p2","p12","p12","p13","p13","p11"],"snodepoints":{"p1":[-1.217632,-1.418015,0],"p11":[1.126275,3.179173,0],"p12":[0.586879,0.290867,0],"p13":[0.701229,1.403843,0],"p2":[-0.199337,-1.3433,0],"p5":[0.290116,3.637489,0],"p6":[-0.668644,2.184425,0],"p7":[-1.024517,0.964443,0],"p8":[-1.241036,-0.020885,0],"p9":[-1.231846,-0.967793,0]},"stransformpos":"Transform( 0.884334, 0, 0.466856, 0, 1, 0, -0.466856, 0, 0.884334, 48.879, 32.5657, 15.7342 )","xcresource":""}
{"drawingtype":0,"drawingvisiblecode":0,"name":"s47","onepathpairs":["p1","p2","p2","p3","p3","p4","p4","p5","p5","p6","p6","p15","p7","p8","p8","p9","p9","p10","p10","p11","p11","p12","p1","p14","p14","p12","p15","p7"],"snodepoints":{"p1":[-1.533307,-2.102596,0],"p10":[-1.25844,3.645136,0],"p11":[-1.453449,2.428106,0],"p12":[-1.497035,1.718266,0],"p14":[-1.243216,0.552666,0],"p15":[2.336474,6.423027,0],"p2":[0.109096,-1.333273,0],"p3":[0.381389,1.30727,0],"p4":[0.755812,2.616568,0],"p5":[1.047049,3.303196,0],"p6":[1.784717,4.397812,0],"p7":[1.262666,8.588474,0],"p8":[0.095396,9.306244,0],"p9":[-0.709971,5.688662,0]},"stransformpos":"Transform( 0.804105, 0, 0.594487, 0, 1, 0, -0.594487, 0, 0.804105, 46.4911, 28.8857, 8.1041 )","xcresource":""}
{"drawingtype":0,"drawingvisiblecode":0,"name":"s58","onepathpairs":["p1","p2","p2","p3","p3","p4","p4","p5","p5","p6","p6","p1"],"snodepoints":{"p1":[0.1532,0.289902,0],"p2":[-0.325088,0.605728,0],"p3":[-1.157231,0.402393,0],"p4":[-0.576624,-0.237095,0],"p5":[-0.461717,-0.59453,0],"p6":[0.518264,-0.578667,0]},"stransformpos":"Transform( -0.2843, 0, 0.958735, 0, 1, 0, -0.958735, 0, -0.2843, 51.0277, 32.4213, 17.1175 )","xcresource":""}
{"drawingtype":0,"drawingvisiblecode":0,"name":"Hole;1;s57;s49","onepathpairs":["r1p2","r0p8","r0p8","r0p7","r0p7","r0p11","r0p11","r1p12","r1p12","r1p2"],"snodepoints":{"r0p11":[-1.895967,1.069996,0.070387],"r0p7":[-1.908388,-0.244396,-0.05176],"r0p8":[-1.914379,-0.687387,-0.110682],"r1p12":[2.429791,0.60693,0.255092],"r1p2":[2.25213,-1.027237,-0.510789]},"stransformpos":"Transform( -0.254946, 0, 0.966955, 0, 1, 0, -0.966955, 0, -0.254946, 49.7708, 32.2496, 17.8747 )","xcresource":""}
{"drawingtype":0,"drawingvisiblecode":0,"name":"s48","onepathpairs":["p7","p9","p4","p7","p3","p8","p3","p1","p8","p4","p9","p1"],"snodepoints":{"p1":[0.026212,-0.512325,0],"p3":[-0.3955,-0.181915,0],"p4":[-0.319381,0.395027,0],"p7":[0.355585,0.130009,0],"p8":[-0.516381,-0.014763,0],"p9":[0.347348,-0.118282,0]},"stransformpos":"Transform( 0.732105, 0, -0.681192, 0, 1, 0, 0.681192, 0, 0.732105, 54.218, 32.2022, 15.8369 )","xcresource":""}
{"drawingtype":0,"drawingvisiblecode":0,"name":"s52","onepathpairs":["p1","p5","p2","p3","p3","p4","p4","p1","p5","p2"],"snodepoints":{"p1":[-3.314971,-2.565935,0],"p2":[-2.529023,-2.488815,0],"p3":[-2.636168,-2.688498,0],"p4":[-3.259799,-2.771912,0],"p5":[-2.926761,-2.335424,0]},"stransformpos":"Transform( 0.553892, 0, 0.832588, 0, 1, 0, -0.832588, 0, 0.553892, 51.2086, 29.1972, -2.20263 )","xcresource":""}
{"drawingtype":0,"drawingvisiblecode":0,"name":"s53","onepathpairs":["p1","p2","p2","p3","p3","p4","p4","p5","p5","p6","p6","p7","p7","p8","p8","p9","p9","p10","p10","p11","p11","p12","p12","p13","p13","p14","p14","p15","p1","p16","p20","p21","p16","p17","p17","p18","p18","p19","p19","p20","p21","p15"],"snodepoints":{"p1":[0.491458,0.181444,0],"p10":[-1.90298,7.18054,0],"p11":[-1.573246,5.444254,0],"p12":[-1.378515,3.990086,0],"p13":[-0.849962,2.049511,0],"p14":[-0.48188,0.185326,0],"p15":[-0.368583,-0.553885,0],"p16":[0.431756,-0.543335,0],"p17":[0.828175,-1.783052,0],"p18":[1.670221,-5.672703,0],"p19":[0.788592,-5.606966,0],"p2":[0.213966,2.101385,0],"p20":[0.256059,-4.053522,0],"p21":[-0.130233,-1.861444,0],"p3":[0.34075,2.504379,0],"p4":[0.639944,4.051453,0],"p5":[0.34571,6.634089,0],"p6":[0.181565,7.260309,0],"p7":[-0.557672,10.045374,0],"p8":[-2.220796,10.637014,0],"p9":[-2.791653,11.101484,0]},"stransformpos":"Transform( -0.898917, 0, -0.438119, 0, 1, 0, 0.438119, 0, -0.898917, 43.0764, 27.5187, 1.52753 )","xcresource":""}
{"drawingtype":0,"drawingvisiblecode":0,"name":"s73","onepathpairs":["p1","p2","p2","p3","p3","p4","p4","p1"],"snodepoints":{"p1":[-4.64634,-4.506023,0],"p2":[-3.571645,-4.565948,0],"p3":[-3.660571,-4.937721,0],"p4":[-4.573287,-4.910946,0]},"stransformpos":"Transform( -0.638148, 0, -0.769914, 0, 1, 0, 0.769914, 0, -0.638148, 42.8829, 38.8891, 26.7535 )","xcresource":""}
{"drawingtype":0,"drawingvisiblecode":0,"name":"s57","onepathpairs":["p1","p2","p2","p3","p3","p4","p4","p5","p5","p6","p6","p11","p7","p8","p8","p9","p9","p10","p10","p1","p11","p7"],"snodepoints":{"p1":[-0.998508,1.667976,0],"p10":[-1.138436,0.699608,0],"p11":[0.465219,1.626625,0],"p2":[-0.800648,2.342495,0],"p3":[-0.601409,3.509975,0],"p4":[-0.058423,4.41243,0],"p5":[0.242824,3.837666,0],"p6":[0.211087,2.535313,0],"p7":[0.34244,0.312233,0],"p8":[0.283216,-0.130758,0],"p9":[-1.121839,-0.023771,0]},"stransformpos":"Transform( 0.936201, 0, 0.351465, 0, 1, 0, -0.351465, 0, 0.936201, 49.8867, 31.693, 19.8536 )","xcresource":""}
{"drawingtype":0,"drawingvisiblecode":0,"name":"s56","onepathpairs":["p1","p2","p2","p3","p1","p4","p4","p3"],"snodepoints":{"p1":[-0.314233,0.158979,0],"p2":[0.264881,0.175131,0],"p3":[0.186677,-0.101852,0],"p4":[-0.312993,-0.063965,0]},"stransformpos":"Transform( 0.911605, 0, -0.411067, 0, 1, 0, 0.411067, 0, 0.911605, 37.0995, 27.8386, 10.6088 )","xcresource":""}
{"drawingtype":0,"drawingvisiblecode":0,"name":"s45","onepathpairs":["p1","p2","p2","p3","p3","p4","p4","p5","p5","p6","p6","p7","p7","p8","p8","p1"],"snodepoints":{"p1":[0.300068,0.223328,0],"p2":[0.068156,-0.592911,0],"p3":[-0.216318,-1.284735,0],"p4":[-0.610463,-1.297108,0],"p5":[-0.921439,-0.2136,0],"p6":[-1.021455,0.501974,0],"p7":[-0.972284,1.014551,0],"p8":[0.302664,1.127951,0]},"stransformpos":"Transform( 0.742904, 0, -0.669398, 0, 1, 0, 0.669398, 0, 0.742904, 43.194, 26.9228, -2.23275 )","xcresource":""}
{"drawingtype":0,"drawingvisiblecode":0,"name":"Hole;1;s67;s68","onepathpairs":["rb0","r0p10","r0p10","r0p11","r0p11","rt0","rt0","r1p13","r1p13","r1p12","r1p12","r1p11","r1p11","rb0"],"snodepoints":{"r0p10":[-3.532087,0.556519,0.420502],"r0p11":[-3.532125,2.369701,-0.235032],"r1p11":[2.717801,-3.433689,0.477284],"r1p12":[2.616663,-1.375244,0.207997],"r1p13":[2.38448,0.424805,-0.410217],"rb0":[-0.515513,-1.592121,-0.244126],"rt0":[0.511568,2.730099,-0.017182]},"stransformpos":"Transform( 0.274064, 0, -0.961711, 0, 1, 0, 0.961711, 0, 0.274064, 51.4631, 40.8169, 28.3884 )","xcresource":""}
{"drawingtype":0,"drawingvisiblecode":0,"name":"s44","onepathpairs":["p1","p2","p14","p4","p3","p4","p4","p5","p5","p6","p6","p7","p7","p8","p8","p9","p9","p10","p11","p13","p11","p12","p12","p1","p13","p10","p12","p14","p2","p3"],"snodepoints":{"p1":[1.04591,0.171925,0],"p10":[2.222886,8.501074,0],"p11":[1.780772,4.892632,0],"p12":[1.153178,2.121037,0],"p13":[1.973746,6.584894,0],"p14":[0.664332,2.512026,0],"p2":[0.610256,-0.415564,0],"p3":[-0.377177,-0.370893,0],"p4":[0.03198,3.154169,0],"p5":[-0.477573,5.072033,0],"p6":[-0.088625,8.252539,0],"p7":[0.752601,10.698137,0],"p8":[2.850823,11.70402,0],"p9":[3.608195,12.215094,0]},"stransformpos":"Transform( 0.991184, 0, -0.132489, 0, 1, 0, 0.132489, 0, 0.991184, 41.6523, 26.6182, -1.48474 )","xcresource":""}
{"drawingtype":0,"drawingvisiblecode":0,"name":"s40","onepathpairs":["p1","p2","p16","p8","p15","p16","p14","p15","p12","p13","p2","p14","p13","p1","p8","p9","p9","p10","p10","p11","p11","p12"],"snodepoints":{"p1":[-0.747029,1.945107,0],"p10":[0.592005,-1.432121,0],"p11":[-0.47228,-1.110445,0],"p12":[-0.349779,-0.126204,0],"p13":[-0.596118,0.516617,0],"p14":[0.945776,1.519152,0],"p15":[0.880612,1.076042,0],"p16":[0.749475,0.399115,0],"p2":[0.434342,1.822828,0],"p8":[0.725191,-0.598217,0],"p9":[0.646664,-1.030632,0]},"stransformpos":"Transform( 0.993549, 0, -0.113401, 0, 1, 0, 0.113401, 0, 0.993549, 44.3265, 26.5117, -3.91189 )","xcresource":""}
{"drawingtype":0,"drawingvisiblecode":0,"name":"Hole;1;s40;s45","onepathpairs":["rb0","r0p15","r0p15","r0p16","r0p16","r0p8","r0p8","r0p9","r0p9","r0p10","r0p10","r1p3","r1p3","r1p2","r1p2","r1p1","r1p1","rb0"],"snodepoints":{"r0p10":[0.620473,-1.229317,-0.049402],"r0p15":[0.762174,1.278847,0.202025],"r0p16":[0.697789,0.601919,0.087782],"r0p8":[0.685865,-0.395412,0.066626],"r0p9":[0.647311,-0.827827,-0.001782],"r1p1":[-1.726336,0.837233,-0.198987],"r1p2":[-1.701677,0.020994,-0.429586],"r1p3":[-1.671426,-0.67083,-0.712445],"rb0":[-0.229501,1.635136,0.444626]},"stransformpos":"Transform( 0.586605, 0, 0.809873, 0, 1, 0, -0.809873, 0, 0.586605, 44.5908, 26.3089, -3.31327 )","xcresource":""}
{"drawingtype":0,"drawingvisiblecode":0,"name":"s71","onepathpairs":["p2","p3","p3","p4","p4","p5","p5","p6","p6","p7","p7","p8","p8","p9","p9","p2"],"snodepoints":{"p2":[-2.885205,-0.431786,0],"p3":[-2.393673,-0.179417,0],"p4":[-1.812601,0.124073,0],"p5":[-0.981197,0.057381,0],"p6":[-0.785667,-1.671047,0],"p7":[-1.353676,-2.355778,0],"p8":[-2.498778,-2.335777,0],"p9":[-2.81741,-1.703671,-0.60734]},"stransformpos":"Transform( -0.232382, 0, -0.972625, 0, 1, 0, 0.972625, 0, -0.232382, 48.6494, 39.9298, 29.5642 )","xcresource":""}
{"drawingtype":0,"drawingvisiblecode":0,"name":"s41","onepathpairs":["p1","p2","p2","p3","p3","p4","p4","p5","p5","p6","p6","p1"],"snodepoints":{"p1":[-1.126445,-0.663691,0],"p2":[-0.615627,0.785637,0],"p3":[-0.137883,0.592154,0],"p4":[0.100905,-0.587328,0],"p5":[-0.094431,-0.952673,0],"p6":[-0.496305,-0.876516,0]},"stransformpos":"Transform( 0.999507, 0, 0.0313883, 0, 1, 0, -0.0313883, 0, 0.999507, 45.0053, 26.5372, -6.69499 )","xcresource":""}
{"drawingtype":0,"drawingvisiblecode":0,"name":"s59","onepathpairs":["p1","p2","p2","p3","p3","p4","p4","p5","p5","p6","p6","p7","p7","p8","p8","p9","p9","p10","p10","p11","p11","p12","p12","p1"],"snodepoints":{"p1":[-0.384474,0.187378,0],"p10":[0.329507,-1.391808,0],"p11":[-0.477438,-1.829208,0],"p12":[-0.650883,-1.326345,0],"p2":[0.25008,4.136522,0],"p3":[0.576991,6.027613,0],"p4":[1.002294,6.802961,0],"p5":[1.415392,6.526022,0],"p6":[1.24497,4.404539,0],"p7":[1.053153,3.423319,0],"p8":[1.075786,1.143152,0],"p9":[1.056359,0.258377,0]},"stransformpos":"Transform( 0.819121, 0, 0.57362, 0, 1, 0, -0.57362, 0, 0.819121, 51.0902, 31.5016, 23.4747 )","xcresource":""}
{"drawingtype":0,"drawingvisiblecode":0,"name":"s39","onepathpairs":["p1","p2","p2","p3","p3","p4","p4","p5","p5","p6","p6","p1"],"snodepoints":{"p1":[-0.248068,-1.027498,0],"p2":[0.494185,-0.886763,0],"p3":[0.390193,0.557665,0],"p4":[-0.232668,0.342443,0],"p5":[-0.277348,-0.001894,0],"p6":[-0.313362,-0.539877,0]},"stransformpos":"Transform( 0.999264, 0, 0.0383504, 0, 1, 0, -0.0383504, 0, 0.999264, 45.0106, 26.697, -8.60451 )","xcresource":""}
{"drawingtype":0,"drawingvisiblecode":0,"name":"s68","onepathpairs":["p1","p2","p2","p3","p3","p4","p4","p5","p5","p6","p6","p7","p7","p8","p8","p9","p9","p10","p10","p11","p11","p12","p12","p13","p13","p14","p14","p15","p15","p16","p16","p17","p17","p1","p28","p6","p18","p19","p19","p20","p20","p10","p20","p21","p21","p22","p22","p23","p23","p24","p24","p25","p25","p26","p26","p27","p27","p6","p18","p28"],"snodepoints":{"p1":[4.084126,12.341248,0],"p10":[0.288104,-1.79311,0],"p11":[-0.50177,-1.780369,0],"p12":[-0.214114,0.278076,0],"p13":[0.446263,2.078125,0],"p14":[1.446473,4.919243,0],"p15":[2.530537,7.678528,0],"p16":[3.229707,10.004314,0],"p17":[3.530618,11.355625,0],"p18":[1.799964,1.162224,0],"p19":[1.705168,-1.18895,0],"p2":[4.786754,11.539341,0],"p20":[1.546193,-2.028767,0],"p21":[1.899529,-3.092224,0],"p22":[3.050742,-3.280666,0],"p23":[3.225474,-1.541119,0],"p24":[3.997745,0.886078,0],"p25":[4.557929,2.361782,0],"p26":[4.760337,3.601898,0],"p27":[4.41069,4.414017,0],"p28":[2.346709,2.813637,0],"p3":[4.782243,10.434677,0],"p4":[4.740982,8.451019,0],"p5":[4.274896,6.615055,0],"p6":[2.942799,4.435055,0],"p7":[1.835898,3.179394,0],"p8":[1.188968,1.562317,0],"p9":[0.605919,0.325405,0]},"stransformpos":"Transform( 0.80395, 0, 0.594696, 0, 1, 0, -0.594696, 0, 0.80395, 52.1524, 39.1636, 30.8346 )","xcresource":""}
{"drawingtype":0,"drawingvisiblecode":0,"name":"s37","onepathpairs":["p1","p2","p2","p3","p3","p4","p4","p5","p5","p6","p6","p7","p7","p8","p8","p9","p9","p10","p10","p11","p11","p12","p12","p13","p13","p14","p14","p15","p15","p16","p16","p17","p17","p1"],"snodepoints":{"p1":[-1.007921,-0.385994,0],"p10":[2.035702,5.350651,0],"p11":[2.221363,6.407074,0],"p12":[0.04789,5.93211,0],"p13":[-0.48557,5.034473,0],"p14":[-0.3857,3.116856,0],"p15":[-0.173194,1.45652,0],"p16":[-0.343012,0.868427,0],"p17":[-0.6461,0.16153,0],"p2":[-1.024381,-2.116049,0],"p3":[-1.162258,-2.651112,0],"p4":[-0.364914,-2.448719,0],"p5":[0.118586,-2.159897,0],"p6":[0.39293,-0.489285,0],"p7":[1.259006,1.604244,0],"p8":[1.480119,2.382299,0],"p9":[1.437154,3.80455,0]},"stransformpos":"Transform( 0.99414, 0, -0.108102, 0, 1, 0, 0.108102, 0, 0.99414, 46.5138, 26.0353, -13.0796 )","xcresource":""}
{"drawingtype":0,"drawingvisiblecode":0,"name":"s69","onepathpairs":["p1","p2","p2","p3","p3","p4","p4","p5","p5","p6","p6","p7","p7","p8","p8","p9","p9","p10","p10","p11","p11","p12","p12","p13","p13","p14","p14","p15","p15","p16","p16","p17","p17","p18","p18","p19","p19","p1"],"snodepoints":{"p1":[-0.709045,0.260853,0],"p10":[2.562994,4.525799,0],"p11":[2.054975,2.349079,0],"p12":[1.70059,0.753162,0],"p13":[1.44811,-1.098694,0],"p14":[0.781862,-2.566952,0],"p15":[-0.365358,-3.977951,0],"p16":[-1.042765,-5.495239,0],"p17":[-1.802254,-6.143272,0],"p18":[-1.732495,-4.701481,0],"p19":[-1.250231,-2.102524,0],"p2":[-0.317923,1.443874,0],"p3":[0.332317,2.54324,0],"p4":[0.787658,3.6012,0],"p5":[0.970907,4.698444,0],"p6":[1.16429,6.087261,0],"p7":[1.814344,7.608143,0],"p8":[2.950127,9.312366,0],"p9":[3.403439,7.677647,0]},"stransformpos":"Transform( 0.844623, 0, 0.535362, 0, 1, 0, -0.535362, 0, 0.844623, 55.7853, 40.4682, 33.7299 )","xcresource":""}
{"drawingtype":0,"drawingvisiblecode":0,"name":"Hole;1;s50;s36","onepathpairs":["r1p7","r0p4","r0p4","r0p5","r0p5","r0p6","r0p6","r1p5","r1p5","r1p6","r1p6","r1p7"],"snodepoints":{"r0p4":[-1.972963,-3.396814,0.76855],"r0p5":[-2.001742,-2.792992,0.70295],"r0p6":[-2.171585,-1.748486,0.315787],"r1p5":[1.826751,4.854607,-1.179221],"r1p6":[2.101417,2.191639,-0.44342],"r1p7":[2.165017,0.636934,-0.273048]},"stransformpos":"Transform( 0.436423, 0, -0.899741, 0, 1, 0, 0.899741, 0, 0.436423, 41.6239, 22.195, -17.527 )","xcresource":""}
{"drawingtype":0,"drawingvisiblecode":0,"name":"s36","onepathpairs":["p1","p2","p2","p3","p3","p4","p4","p5","p5","p6","p6","p7","p7","p8","p8","p9","p9","p1"],"snodepoints":{"p1":[-0.564981,-1.249249,0],"p2":[0.011181,-1.341803,0],"p3":[0.180246,-0.162132,0],"p4":[0.560785,5.093809,0],"p5":[0.276813,6.260004,0],"p6":[-0.508579,3.597036,0],"p7":[-0.690435,2.042332,0],"p8":[-0.682615,0.632183,0],"p9":[-0.634624,0.005564,0]},"stransformpos":"Transform( 0.690301, 0, 0.723523, 0, 1, 0, -0.723523, 0, 0.690301, 43.291, 20.7896, -16.1978 )","xcresource":""}
{"drawingtype":0,"drawingvisiblecode":0,"name":"s51","onepathpairs":["p5","p2","p4","p5","p2","p4"],"snodepoints":{"p2":[-0.031041,0.401194,0],"p4":[0.22819,-0.103418,0],"p5":[-0.328037,-0.19854,0]},"stransformpos":"Transform( -0.771558, 0, -0.636159, 0, 1, 0, 0.636159, 0, -0.771558, 36.228, 23.0127, -23.8109 )","xcresource":""}
{"drawingtype":0,"drawingvisiblecode":0,"name":"s50","onepathpairs":["p1","p2","p2","p3","p3","p4","p4","p5","p5","p6","p6","p7","p7","p8","p8","p9","p9","p10","p10","p1"],"snodepoints":{"p1":[0.591717,-3.117064,0],"p10":[0.330463,-3.220552,0],"p2":[0.623222,-1.824411,0],"p3":[0.489117,-0.958925,0],"p4":[0.187423,0.304543,0],"p5":[0.115787,0.908365,0],"p6":[-0.306988,1.952871,0],"p7":[-0.523595,1.326408,0],"p8":[-0.441531,-1.531702,0],"p9":[-0.238423,-2.943954,0]},"stransformpos":"Transform( -0.648618, 0, -0.761114, 0, 1, 0, 0.761114, 0, -0.648618, 40.1929, 18.4936, -19.1094 )","xcresource":""}
{"drawingtype":0,"drawingvisiblecode":0,"name":"s70","onepathpairs":["p2","p3","p3","p4","p5","p6","p5","p2","p6","p4"],"snodepoints":{"p2":[-0.505294,-0.802563,0],"p3":[0.182031,-0.796528,0],"p4":[0.514985,-1.476727,0],"p5":[-0.258402,-1.624378,0],"p6":[0.267426,-1.580059,0]},"stransformpos":"Transform( 0.647633, 0, 0.761952, 0, 1, 0, -0.761952, 0, 0.647633, 63.8464, 38.1463, 39.814 )","xcresource":""}
{"drawingtype":0,"drawingvisiblecode":0,"name":"s42","onepathpairs":["p1","p2","p2","p3","p3","p4","p4","p5","p5","p6","p6","p7","p7","p8","p8","p9","p9","p1"],"snodepoints":{"p1":[0.419261,-0.328845,0],"p2":[0.426117,0.985635,0],"p3":[0.174706,2.007137,0],"p4":[-0.325424,3.182905,0],"p5":[-0.514622,3.237164,0],"p6":[-0.688295,2.971061,0],"p7":[-0.795615,1.61659,0],"p8":[-0.571678,0.048257,0],"p9":[-0.009811,-0.49257,0]},"stransformpos":"Transform( -0.659911, 0, -0.751344, 0, 1, 0, 0.751344, 0, -0.659911, 38.0923, 13.0209, -20.8245 )","xcresource":""}
{"drawingtype":0,"drawingvisiblecode":0,"name":"Hole;2;s35;s42","onepathpairs":["rb0","r0p3","r0p3","r0p2","r0p2","r0p1","r0p1","r1p1","r1p1","r1p9","r1p9","r1p8","r1p8","rb0"],"snodepoints":{"r0p1":[-0.739689,-0.247114,-0.279763],"r0p2":[-0.299545,0.266993,-0.371136],"r0p3":[0.045673,0.670221,-0.351903],"r1p1":[0.24493,-0.924036,0.574838],"r1p8":[0.898865,-0.179499,0.95194],"r1p9":[0.52808,-0.601654,0.411113],"rb0":[0.459087,0.517834,0.218297]},"stransformpos":"Transform( 1, 0, 0, 0, 0, 1, 0, -1, 0, 37.5707, 12.1172, -21.4336 )","xcresource":""}
{"drawingtype":0,"drawingvisiblecode":0,"name":"s35","onepathpairs":["p1","p2","p2","p3","p3","p4","p4","p5","p5","p6","p6","p7","p7","p8","p8","p1","p7","p4"],"snodepoints":{"p1":[-0.983789,0.219614,0],"p2":[-0.307006,0.128242,0],"p3":[0.223812,0.147474,0],"p4":[0.420798,1.08002,0],"p5":[0.343966,2.465305,0],"p6":[0.085816,3.438332,0],"p7":[-0.502909,2.310071,0],"p8":[-0.806004,1.224712,0]},"stransformpos":"Transform( 0.650349, 0, 0.759635, 0, 1, 0, -0.759635, 0, 0.650349, 37.4708, 11.6178, -21.9338 )","xcresource":""}
{"drawingtype":0,"drawingvisiblecode":0,"name":"Hole;2;s43;s34","onepathpairs":["r1p7","r0p2","r0p2","r0p1","r0p1","r1p5","r1p5","r1p6","r1p6","r1p7"],"snodepoints":{"r0p1":[0.250694,-0.683277,-0.195057],"r0p2":[0.726578,-0.111866,-0.191391],"r1p5":[-0.893589,-0.203234,-0.080404],"r1p6":[-0.265453,0.424141,0.525655],"r1p7":[-0.11235,0.577055,-0.121277]},"stransformpos":"Transform( 1, 0, 0, 0, 0, 1, 0, -1, 0, 37.6692, 7.9601, -21.5412 )","xcresource":""}
{"drawingtype":0,"drawingvisiblecode":0,"name":"s43","onepathpairs":["p1","p2","p2","p3","p3","p4","p4","p1","p4","p2"],"snodepoints":{"p1":[-0.216812,0.211394,0],"p2":[0.526813,0.21506,0],"p3":[0.441704,0.069723,0],"p4":[-0.193713,0.024876,0]},"stransformpos":"Transform( 0.639952, 0, 0.768415, 0, 1, 0, -0.768415, 0, 0.639952, 38.0587, 7.55365, -21.0246 )","xcresource":""}
{"drawingtype":0,"drawingvisiblecode":0,"name":"s34","onepathpairs":["p3","p4","p4","p5","p5","p6","p6","p7","p7","p3"],"snodepoints":{"p3":[0.029682,-0.216567,0],"p4":[0.25286,-0.215245,0],"p5":[0.843036,0.202498,0],"p6":[-0.044745,0.808557,0],"p7":[-0.26113,0.161625,0]},"stransformpos":"Transform( -0.707536, 0, -0.706677, 0, 1, 0, 0.706677, 0, -0.707536, 37.3721, 7.6772, -21.9338 )","xcresource":""}
{"drawingtype":0,"drawingvisiblecode":0,"name":"s32","onepathpairs":["p1","p2","p2","p3","p3","p4","p4","p5","p5","p6","p6","p7","p7","p1"],"snodepoints":{"p1":[-1.506322,-1.550604,0],"p2":[-0.369704,-1.487588,0],"p3":[0.304131,-0.671721,0],"p4":[0.152389,0.194982,0],"p5":[-1.484917,0.463126,0],"p6":[-1.929303,0.29541,0],"p7":[-1.910616,-0.641756,0]},"stransformpos":"Transform( 0.644856, 0, 0.764304, 0, 1, 0, -0.764304, 0, 0.644856, 32.5091, 8.43656, -27.9081 )","xcresource":""}
{"drawingtype":0,"drawingvisiblecode":0,"name":"s31","onepathpairs":["p1","p2","p2","p3","p3","p4","p4","p5","p5","p6","p1","p7","p7","p6"],"snodepoints":{"p1":[0.226622,0.535148,0],"p2":[1.050226,0.78855,0],"p3":[1.170547,-0.473196,0],"p4":[1.159388,-1.206344,0],"p5":[0.006817,-1.276412,0],"p6":[-0.110879,-0.417759,0],"p7":[-0.11042,0.07854,0]},"stransformpos":"Transform( 0.35134, 0, 0.936248, 0, 1, 0, -0.936248, 0, 0.35134, 25.9834, 8.38532, -29.6327 )","xcresource":""}
{"drawingtype":0,"drawingvisiblecode":0,"name":"s28","onepathpairs":["p1","p2","p2","p3","p3","p4","p4","p5","p5","p1"],"snodepoints":{"p1":[-1.152168,0.680847,0],"p2":[0.702243,0.636611,0],"p3":[0.617949,0.115628,0],"p4":[-0.724976,-0.045521,0],"p5":[-1.20947,0.089959,0]},"stransformpos":"Transform( 0.953682, 0, 0.300818, 0, 1, 0, -0.300818, 0, 0.953682, 8.12257, 14.4599, -31.5628 )","xcresource":""}
{"drawingtype":0,"drawingvisiblecode":0,"name":"s30","onepathpairs":["p1","p2","p2","p3","p3","p4","p4","p5","p5","p1"],"snodepoints":{"p1":[-0.843099,0.044994,0],"p2":[-0.090226,0.400103,0],"p3":[0.540452,-0.559817,0],"p4":[0.267342,-1.372738,0],"p5":[-0.958842,-1.371384,0]},"stransformpos":"Transform( 0.527421, 0, 0.849604, 0, 1, 0, -0.849604, 0, 0.527421, 15.2487, 8.77535, -35.7961 )","xcresource":""}
{"drawingtype":0,"drawingvisiblecode":0,"name":"s27","onepathpairs":["p1","p2","p2","p3","p3","p4","p4","p5","p5","p6","p6","p1"],"snodepoints":{"p1":[-0.512217,-1.166351,0],"p2":[-0.515102,-0.215782,0],"p3":[0.262156,0.344354,0],"p4":[0.887184,-0.530966,0],"p5":[0.939522,-2.095218,0],"p6":[-0.412693,-2.151597,0]},"stransformpos":"Transform( -0.295616, 0, 0.955307, 0, 1, 0, -0.955307, 0, -0.295616, 7.74429, 10.3238, -36.519 )","xcresource":""}
{"drawingtype":0,"drawingvisiblecode":0,"name":"s26","onepathpairs":["p1","p2","p2","p3","p3","p4","p4","p5","p5","p1"],"snodepoints":{"p1":[-1.131591,-1.433305,0],"p2":[-0.601924,0.392191,0],"p3":[-0.122602,1.107895,0],"p4":[0.819084,0.715681,0],"p5":[0.425956,-1.409863,0]},"stransformpos":"Transform( 0.124832, 0, 0.992178, 0, 1, 0, -0.992178, 0, 0.124832, 10.561, 8.62387, -38.0347 )","xcresource":""}
{"drawingtype":0,"drawingvisiblecode":0,"name":"Hole;2;s27;s25","onepathpairs":["r1p3","r0p3","r0p3","r0p2","r0p2","r0p1","r0p1","r0p6","r0p6","r1p7","r1p7","r1p1","r1p1","r1p2","r1p2","r1p3"],"snodepoints":{"r0p1":[2.411223,-0.297572,0.181295],"r0p2":[2.410955,0.652997,0.184169],"r0p3":[2.482907,1.213133,-0.589751],"r0p6":[2.420435,-1.282818,0.0822],"r1p1":[-2.446958,-0.749552,0.078973],"r1p2":[-2.455878,0.406694,0.116255],"r1p3":[-2.337076,1.237124,-0.380288],"r1p7":[-2.403605,-1.20914,-0.102227]},"stransformpos":"Transform( 0.923839, 0, 0.382782, 0, 1, 0, -0.382782, 0, 0.923839, 5.59873, 9.45504, -35.2742 )","xcresource":""}
{"drawingtype":0,"drawingvisiblecode":0,"name":"Hole;2;s27;s26","onepathpairs":["r1p4","r0p4","r0p4","r0p5","r0p5","r1p5","r1p5","r1p4"],"snodepoints":{"r0p4":[1.689059,1.195876,-0.005701],"r0p5":[1.685315,-0.368376,0.046503],"r1p4":[-1.812738,0.742571,0.218697],"r1p5":[-1.625349,-1.382973,-0.126897]},"stransformpos":"Transform( -0.931714, 0, -0.363193, 0, 1, 0, 0.363193, 0, -0.931714, 9.05367, 8.59698, -37.9853 )","xcresource":""}
{"drawingtype":0,"drawingvisiblecode":0,"name":"s25","onepathpairs":["p1","p2","p2","p3","p3","p4","p4","p5","p5","p6","p6","p7","p7","p1"],"snodepoints":{"p1":[0.276487,-0.100089,0],"p2":[0.238154,1.056157,0],"p3":[0.74871,1.886587,0],"p4":[1.480404,1.460405,0],"p5":[1.666955,0.101759,0],"p6":[1.933646,-0.523955,0],"p7":[0.462802,-0.559677,0]},"stransformpos":"Transform( -0.157307, 0, 0.98755, 0, 1, 0, -0.98755, 0, -0.157307, 3.41186, 8.80558, -33.9915 )","xcresource":""}
{"drawingtype":0,"drawingvisiblecode":0,"name":"s24","onepathpairs":["p1","p2","p2","p3","p3","p4","p4","p5","p5","p6","p6","p1"],"snodepoints":{"p1":[-0.425523,-1.078167,0],"p2":[-0.24339,0.155244,0],"p3":[0.566597,0.294254,0],"p4":[1.168359,-0.44589,0],"p5":[1.146949,-1.814873,0],"p6":[-0.314953,-1.941911,0]},"stransformpos":"Transform( -0.164217, 0, 0.986424, 0, 1, 0, -0.986424, 0, -0.164217, -1.21295, 9.41881, -34.0212 )","xcresource":""}
{"drawingtype":0,"drawingvisiblecode":0,"name":"s29","onepathpairs":["p1","p2","p2","p3","p3","p4","p4","p1"],"snodepoints":{"p1":[-0.348703,0.220628,0],"p2":[0.867692,0.337428,0],"p3":[0.828717,-0.077979,0],"p4":[-0.3191,-0.177833,0]},"stransformpos":"Transform( -0.431936, 0, -0.901904, 0, 1, 0, 0.901904, 0, -0.431936, 4.7613, 9.20045, -40.2856 )","xcresource":""}
{"drawingtype":0,"drawingvisiblecode":0,"name":"s23","onepathpairs":["p1","p2","p2","p3","p3","p4","p4","p5","p5","p6","p6","p1"],"snodepoints":{"p1":[-1.483698,-0.669302,0],"p2":[0.183344,-0.654514,0],"p3":[0.276907,0.357217,0],"p4":[-0.108408,1.050818,0],"p5":[-0.967254,1.409999,0],"p6":[-1.434077,0.750732,0]},"stransformpos":"Transform( -0.504977, 0, 0.863133, 0, 1, 0, -0.863133, 0, -0.504977, -7.25798, 8.07687, -33.6809 )","xcresource":""}
{"drawingtype":0,"drawingvisiblecode":0,"name":"s22","onepathpairs":["p1","p2","p2","p3","p3","p4","p4","p5","p5","p6","p6","p1"],"snodepoints":{"p1":[-1.218068,0.254654,0],"p2":[-0.810742,0.984062,0],"p3":[-0.169623,1.125082,0],"p4":[0.203331,0.166869,0],"p5":[0.207579,-0.952068,0],"p6":[-1.256147,-0.872504,0]},"stransformpos":"Transform( -0.724978, 0, 0.688772, 0, 1, 0, -0.688772, 0, -0.724978, -17.5763, 8.806, -22.6495 )","xcresource":""}
{"drawingtype":0,"drawingvisiblecode":0,"name":"s21","onepathpairs":["p1","p2","p2","p3","p3","p4","p4","p5","p5","p6","p6","p7","p7","p1"],"snodepoints":{"p1":[-0.413304,-2.480591,0],"p2":[0.858353,-2.42936,0],"p3":[0.694231,-1.195122,0],"p4":[0.269084,-0.61488,0],"p5":[-0.352248,-0.599573,0],"p6":[-0.468418,-1.062684,0],"p7":[-0.485552,-1.941355,0]},"stransformpos":"Transform( -0.677398, 0, 0.735616, 0, 1, 0, -0.735616, 0, -0.677398, -23.1505, 10.4183, -16.1381 )","xcresource":""}
{"drawingtype":0,"drawingvisiblecode":0,"name":"s20","onepathpairs":["p1","p2","p2","p3","p3","p4","p8","p1","p7","p8","p6","p7","p6","p4"],"snodepoints":{"p1":[-0.162673,0.406125,0],"p2":[0.442195,0.355942,0],"p3":[0.958185,-0.449702,0],"p4":[0.829545,-1.425418,0],"p6":[-0.464055,-1.488678,0],"p7":[-0.586692,-0.770558,0],"p8":[-0.407073,-0.125062,0]},"stransformpos":"Transform( -0.721702, 0, 0.692204, 0, 1, 0, -0.692204, 0, -0.721702, -30.6627, 9.57806, -9.7652 )","xcresource":""}
{"drawingtype":0,"drawingvisiblecode":0,"name":"s19","onepathpairs":["p1","p2","p2","p3","p3","p4","p4","p5","p5","p6","p6","p7","p7","p1"],"snodepoints":{"p1":[-0.464746,-1.098308,0],"p2":[0.724862,-0.98254,0],"p3":[0.709891,0.1734,0],"p4":[0.515763,1.095403,0],"p5":[0.079727,1.264745,0],"p6":[-0.541916,0.640092,0],"p7":[-0.646088,-0.465889,0]},"stransformpos":"Transform( -0.744611, 0, 0.667498, 0, 1, 0, -0.667498, 0, -0.744611, -36.7619, 9.23925, -2.92055 )","xcresource":""}
{"drawingtype":0,"drawingvisiblecode":0,"name":"s18","onepathpairs":["p1","p2","p2","p3","p3","p4","p4","p5","p5","p6","p6","p7","p7","p1"],"snodepoints":{"p1":[-0.459324,-0.59004,0],"p2":[-0.42404,0.473542,0],"p3":[0.225826,0.888482,0],"p4":[0.769531,0.685859,0],"p5":[0.90211,-0.311258,0],"p6":[0.991732,-1.391129,0],"p7":[-0.380426,-1.449462,0]},"stransformpos":"Transform( -0.717939, 0, 0.696106, 0, 1, 0, -0.696106, 0, -0.717939, -41.5675, 9.84022, 3.1733 )","xcresource":""}
{"drawingtype":0,"drawingvisiblecode":0,"name":"s17","onepathpairs":["p1","p2","p2","p3","p3","p4","p4","p5","p5","p6","p6","p1"],"snodepoints":{"p1":[-0.29411,-0.025665,0],"p2":[-0.06566,0.951212,0],"p3":[0.91225,0.988565,0],"p4":[1.223863,0.292427,0],"p5":[0.993339,-1.084902,0],"p6":[-0.136092,-1.074751,0]},"stransformpos":"Transform( -0.756184, 0, 0.654359, 0, 1, 0, -0.654359, 0, -0.756184, -45.248, 9.9687, 8.15833 )","xcresource":""}
{"drawingtype":0,"drawingvisiblecode":0,"name":"s16","onepathpairs":["p1","p2","p2","p3","p3","p4","p4","p5","p5","p6","p6","p7","p7","p1"],"snodepoints":{"p1":[-0.864289,-0.106161,0],"p2":[-0.932331,0.650425,0],"p3":[-0.002172,0.902905,0],"p4":[0.758271,0.471137,0],"p5":[0.850856,-1.243614,0],"p6":[0.116423,-1.218811,0],"p7":[-0.70293,-1.283983,0]},"stransformpos":"Transform( -0.715579, 0, 0.698532, 0, 1, 0, -0.698532, 0, -0.715579, -49.5146, 10.0687, 12.8817 )","xcresource":""}
{"drawingtype":0,"drawingvisiblecode":0,"name":"s15","onepathpairs":["p1","p2","p2","p3","p3","p4","p4","p5","p5","p6","p6","p7","p7","p8","p8","p1"],"snodepoints":{"p1":[-0.622916,0.153006,0],"p2":[-0.062937,0.548775,0],"p3":[0.698062,0.509614,0],"p4":[1.274021,0.111294,0],"p5":[1.399519,-0.527145,0],"p6":[1.244941,-1.480806,0],"p7":[-0.050535,-1.558362,0],"p8":[-0.452652,-0.885242,0]},"stransformpos":"Transform( -0.579756, 0, 0.81479, 0, 1, 0, -0.81479, 0, -0.579756, -52.5727, 10.4263, 16.0282 )","xcresource":""}
{"drawingtype":0,"drawingvisiblecode":0,"name":"Hole;1;s14;s13","onepathpairs":["r1p12","r0p98","r0p98","r0p97","r0p97","r0p96","r0p96","r1p10","r1p10","r1p11","r1p11","r1p12"],"snodepoints":{"r0p96":[-4.285105,1.812719,-0.008409],"r0p97":[-4.284488,-0.419641,-0.010129],"r0p98":[-4.11436,-1.521343,-0.482733],"r1p10":[4.331042,1.570723,0.466049],"r1p11":[4.215619,0.238409,0.131896],"r1p12":[4.058321,-1.367783,-0.323475]},"stransformpos":"Transform( -0.468778, 0, 0.883316, 0, 1, 0, -0.883316, 0, -0.468778, -53.9612, 9.59669, 17.2161 )","xcresource":""}
