__tunnelvr__ coppermine2
{"Nxcdrawings":119,"Nxctubes":88,"datetime":{"day":3,"dst":true,"hour":16,"minute":2,"month":5,"second":45,"weekday":2,"year":2022},"playerplatform":"Quest","sheadtrans":"Transform( 0.379547, 0.536468, -0.753754, -0.0480488, 0.825048, 0.563015, 0.923924, -0.177474, 0.338922, -62.001, 2.01215, 19.3742 )","stransformpos":"Transform( -0.181758, 0, 0.983343, 0, 1, 0, -0.983343, 0, -0.181758, -61.6807, 0.4574, 19.4881 )","tunnelvrversion":"v0.7.8"}
{"drawingtype":1,"drawingvisiblecode":8,"imgtrim":{"imgheightwidthratio":1.377358,"imgwidth":44.636749,"simgtrimleftdown":"Vector2( -22.3184, 12.2325 )","simgtrimrightup":"Vector2( 6.74616, 30.7404 )"},"name":"TopLdb2b50f49c690206,1","snodepoints":{"p1":[-15.347599,29.270699,0],"p2":[-1.588622,22.126837,0]},"stransformpos":"Transform( 0.999992, 0.00400065, 0, 0, 0, 1, 0.00400065, -0.999992, 0, -46.0172, 5.91898, 27.3532 )","xcresource":"http://cave-registry.org.uk/svn/NorthernEngland/CumbriaMines/rawscans/ConistonCopperMines/TopLevel1_DrawnUpNotes4_NP_20220206.jpg"}
{"drawingtype":1,"drawingvisiblecode":8,"imgtrim":{"imgheightwidthratio":1.377358,"imgwidth":44.510611,"simgtrimleftdown":"Vector2( -22.2553, -15.7806 )","simgtrimrightup":"Vector2( 6.03046, 22.4283 )"},"name":"Leve4a0dec8726b5p-NP,0","snodepoints":{"p1":[2.584745,-4.483163,0],"p2":[-18.194948,15.670295,0]},"stransformpos":"Transform( -0.999982, 0.00600796, 0, 0, 0, 1, 0.00600796, 0.999982, 0, -57.8556, -7.31186, 24.4888 )","xcresource":"http://cave-registry.org.uk/svn/NorthernEngland/CumbriaMines/rawscans/ConistonCopperMines/Leverswater-6of6-DrawnUp-NP.jpg"}
{"drawingtype":0,"drawingvisiblecode":2,"name":"s14","onepathpairs":["p83","p84","p84","p85","p85","p86","p86","p87","p87","p88","p88","p89","p89","p90","p90","p91","p91","p92","p92","p93","p93","p94","p94","p95","p95","p96","p96","p97","p97","p98","p98","p99","p99","p100","p100","p101","p101","p102","p102","p103","p103","p104","p104","p105","p105","p106","p106","p107","p107","p108","p108","p109","p109","p83","p109","p97"],"snodepoints":{"p100":[0.73288,-3.530471,0],"p101":[2.405804,-4.658917,0],"p102":[3.935853,-5.190334,0],"p103":[3.533356,-3.759271,0],"p104":[2.421315,-2.205041,0],"p105":[1.444041,-1.138944,0],"p106":[0.607626,-0.251675,0],"p107":[0.027328,0.738988,0],"p108":[-0.163983,1.668905,0],"p109":[-0.396428,2.698962,-0.917443],"p83":[-0.500736,4.043805,-0.963111],"p84":[-0.896577,4.705112,0],"p85":[-1.366875,5.510415,0],"p86":[-1.732822,6.579036,0],"p87":[-2.182728,7.464132,0],"p88":[-2.741299,8.487036,0],"p89":[-3.455002,9.128286,0],"p90":[-4.202099,9.813782,0],"p91":[-5.331583,9.943283,0],"p92":[-6.067273,9.595425,0],"p93":[-4.714608,8.317274,0],"p94":[-3.75113,7.299695,0],"p95":[-2.864095,6.095577,0],"p96":[-2.775465,4.052624,0],"p97":[-2.773637,1.820264,0],"p98":[-2.271346,0.718562,0],"p99":[-0.95081,-2.172545,0]},"stransformpos":"Transform( -0.989882, 0, -0.141892, 0, 1, 0, 0.141892, 0, -0.989882, -55.6428, 8.7951, 18.1732 )","xcflatshellmaterial":"hole","xcresource":""}
{"drawingtype":0,"drawingvisiblecode":0,"name":"Hole;1;s14;s13","onepathpairs":["r1p12","r0p98","r0p98","r0p97","r0p97","r0p96","r0p96","r1p10","r1p10","r1p11","r1p11","r1p12"],"snodepoints":{"r0p96":[-4.285146,1.812729,-0.008388],"r0p97":[-4.284528,-0.419632,-0.010107],"r0p98":[-4.1144,-1.521334,-0.482711],"r1p10":[4.331084,1.570714,0.466019],"r1p11":[4.215659,0.2384,0.13187],"r1p12":[4.058361,-1.367791,-0.323502]},"stransformpos":"Transform( -0.468778, 0, 0.883316, 0, 1, 0, -0.883316, 0, -0.468778, -54.8968, 11.035, 13.9903 )","xcresource":""}
{"drawingtype":0,"drawingvisiblecode":0,"name":"s15","onepathpairs":["p1","p2","p2","p3","p3","p4","p4","p5","p5","p6","p6","p7","p7","p8","p8","p1"],"snodepoints":{"p1":[-0.622916,0.153006,0],"p2":[-0.062937,0.548775,0],"p3":[0.698062,0.509614,0],"p4":[1.274021,0.111294,0],"p5":[1.399519,-0.527145,0],"p6":[1.244941,-1.480806,0],"p7":[-0.050535,-1.558362,0],"p8":[-0.452652,-0.885242,0]},"stransformpos":"Transform( -0.579756, 0, 0.81479, 0, 1, 0, -0.81479, 0, -0.579756, -53.5083, 11.8646, 12.8024 )","xcresource":""}
{"drawingtype":0,"drawingvisiblecode":0,"name":"s13","onepathpairs":["p2","p3","p3","p4","p4","p5","p5","p6","p6","p7","p7","p8","p8","p9","p9","p10","p10","p11","p11","p12","p12","p13","p20","p21","p22","p2","p21","p22","p16","p17","p17","p18","p18","p19","p19","p20","p16","p23","p23","p13"],"snodepoints":{"p10":[-0.278557,1.58251,0],"p11":[0.074967,0.250196,0],"p12":[0.556742,-1.355995,0],"p13":[3.271741,-5.15709,0],"p16":[5.232313,-5.357037,0],"p17":[5.21928,-4.784847,0],"p18":[5.241364,-3.891022,0],"p19":[4.469942,-2.643842,0],"p2":[1.396622,3.121694,0],"p20":[3.694211,-1.48751,0],"p21":[2.718658,-0.14154,0],"p22":[2.157989,1.354046,0],"p23":[4.277457,-5.512544,0],"p3":[0.757049,4.323178,0],"p4":[-0.035376,5.911589,0],"p5":[-1.209228,7.364202,0],"p6":[-2.620438,8.154466,0],"p7":[-3.654585,7.275275,0],"p8":[-2.70466,5.487353,0],"p9":[-1.319801,3.6301,0]},"stransformpos":"Transform( -0.681855, 0, -0.731487, 0, 1, 0, 0.731487, 0, -0.681855, -56.7054, 11.0232, 10.1499 )","xcresource":""}
{"drawingtype":0,"drawingvisiblecode":2,"name":"s16","onepathpairs":["p1","p2","p2","p3","p3","p4","p4","p5","p5","p6","p6","p7","p7","p1"],"snodepoints":{"p1":[-0.282261,-0.045783,0],"p2":[-0.388943,0.673708,0],"p3":[0.077251,0.57777,0],"p4":[0.658418,0.248055,0],"p5":[0.850856,-1.243614,0],"p6":[0.116423,-1.218811,0],"p7":[-0.120752,-1.305253,0]},"stransformpos":"Transform( -0.715579, 0, 0.698532, 0, 1, 0, -0.698532, 0, -0.715579, -50.4502, 11.507, 9.65592 )","xcresource":""}
{"drawingtype":1,"drawingvisiblecode":14,"imgtrim":{"imgheightwidthratio":0.75,"imgwidth":2,"simgtrimleftdown":"Vector2( -1, -0.75 )","simgtrimrightup":"Vector2( 1, 0.75 )"},"name":"imagd0dd6c9bf9545-07,1","snodepoints":{},"stransformpos":"Transform( -1.2808, 0.914599, 2.78674, -0.136135, 3.01905, -1.05343, -2.92983, -0.540107, -1.16932, -52.1532, 17.4024, 7.82411 )","xcresource":"http://cave-registry.org.uk/svn/NorthernEngland/CumbriaMines/photos/ConistonCopperMines/image_2022-02-03_19-15-07.jpg"}
{"drawingtype":0,"drawingvisiblecode":0,"name":"s17","onepathpairs":["p1","p2","p2","p3","p3","p4","p4","p5","p5","p6","p6","p1"],"snodepoints":{"p1":[-0.29411,-0.025665,0],"p2":[-0.06566,0.951212,0],"p3":[0.91225,0.988565,0],"p4":[0.909328,0.202316,0],"p5":[1.254208,-1.079784,0],"p6":[-0.136092,-1.074751,0]},"stransformpos":"Transform( -0.756184, 0, 0.654359, 0, 1, 0, -0.654359, 0, -0.756184, -46.1836, 11.407, 4.93255 )","xcresource":""}
{"drawingtype":0,"drawingvisiblecode":0,"name":"s10","onepathpairs":["p1","p2","p2","p3","p3","p4","p4","p5","p5","p6","p6","p7","p7","p8","p8","p9","p9","p1"],"snodepoints":{"p1":[0.462602,-1.564747,0],"p2":[-0.734805,-1.606553,0],"p3":[-2.075271,0.632318,0],"p4":[-3.509806,2.874511,0],"p5":[-5.094531,5.85605,0],"p6":[-3.583954,5.48585,0],"p7":[-1.554887,3.01421,0],"p8":[-0.330598,0.847865,0],"p9":[0.505703,-0.855124,0]},"stransformpos":"Transform( -0.996317, 0, 0.0857447, 0, 1, 0, -0.0857447, 0, -0.996317, -60.8717, 13.088, 5.67788 )","xcresource":""}
{"drawingtype":0,"drawingvisiblecode":0,"name":"s18","onepathpairs":["p1","p2","p2","p3","p3","p4","p4","p5","p5","p6","p6","p7","p7","p1"],"snodepoints":{"p1":[-0.459324,-0.59004,0],"p2":[-0.42404,0.473542,0],"p3":[0.225826,0.888482,0],"p4":[0.769531,0.685859,0],"p5":[0.90211,-0.311258,0],"p6":[0.991732,-1.391129,0],"p7":[-0.380426,-1.449462,0]},"stransformpos":"Transform( -0.717939, 0, 0.696106, 0, 1, 0, -0.696106, 0, -0.717939, -42.5031, 11.2785, -0.0524807 )","xcresource":""}
{"drawingtype":0,"drawingvisiblecode":0,"name":"s5","onepathpairs":["p1","p2","p2","p3","p3","p4","p4","p5","p5","p1"],"snodepoints":{"p1":[0.05892,-1.382773,0],"p2":[1.369859,-1.462675,0],"p3":[0.908937,0.390461,0],"p4":[0.17389,0.556011,0],"p5":[-0.131642,-0.058793,0]},"stransformpos":"Transform( -0.767693, 0, -0.640818, 0, 1, 0, 0.640818, 0, -0.767693, -61.3501, 12.1647, -2.13098 )","xcresource":""}
{"drawingtype":0,"drawingvisiblecode":2,"name":"s4","onepathpairs":["p1","p2","p2","p3","p3","p4","p4","p5","p5","p1"],"snodepoints":{"p1":[-1.063696,-1.381351,0],"p2":[0.387095,-1.23784,0],"p3":[0.13601,0.035257,0],"p4":[-0.517877,0.618796,0],"p5":[-1.588462,0.071314,0]},"stransformpos":"Transform( -0.986875, 0, -0.161487, 0, 1, 0, 0.161487, 0, -0.986875, -64.9016, 12.3387, -4.83195 )","xcresource":""}
{"drawingtype":1,"drawingvisiblecode":8,"imgtrim":{"imgheightwidthratio":1.377358,"imgwidth":45.247382,"simgtrimleftdown":"Vector2( -21.8261, 15.933 )","simgtrimrightup":"Vector2( 20.2309, 30.5912 )"},"name":"Leve95f7b798ac2ep-NP,0","snodepoints":{"p1":[11.901291,19.794523,0],"p2":[8.925983,26.171181,0]},"stransformpos":"Transform( -0.999997, 0.00231298, 0, 0, 0, 1, 0.00231298, 0.999997, 0, -15.3512, 3.50165, 24.0665 )","xcresource":"http://cave-registry.org.uk/svn/NorthernEngland/CumbriaMines/rawscans/ConistonCopperMines/Leverswater-5of6-DrawnUp-NP.jpg"}
{"drawingtype":0,"drawingvisiblecode":0,"name":"s19","onepathpairs":["p1","p2","p2","p3","p3","p4","p4","p5","p5","p6","p6","p7","p7","p1"],"snodepoints":{"p1":[-0.464746,-1.098308,0],"p2":[1.039448,-1.020385,0],"p3":[0.993784,0.368236,0],"p4":[0.562218,0.775964,0],"p5":[0.071538,0.896464,0],"p6":[-0.541916,0.640092,0],"p7":[-0.646088,-0.465889,0]},"stransformpos":"Transform( -0.744611, 0, 0.667498, 0, 1, 0, -0.667498, 0, -0.744611, -37.6975, 10.6776, -6.14633 )","xcresource":""}
{"drawingtype":0,"drawingvisiblecode":2,"name":"s1","onepathpairs":["p5","p1","p4","p5","p3","p4","p3","p6","p1","p7","p7","p6","p7","p4"],"snodepoints":{"p1":[-0.409157,-0.952759,0],"p3":[0.652121,-0.003808,0],"p4":[0.2567,0.770296,0],"p5":[-0.235584,0.121516,0],"p6":[1.014588,-0.891498,0],"p7":[0.304323,-0.900596,0]},"stransformpos":"Transform( -0.999448, 0, 0.033236, 0, 1, 0, -0.033236, 0, -0.999448, -64.7917, 11.7907, -7.34787 )","xcresource":""}
{"drawingtype":0,"drawingvisiblecode":0,"name":"s20","onepathpairs":["p1","p2","p2","p3","p3","p4","p8","p1","p7","p8","p6","p7","p6","p4"],"snodepoints":{"p1":[-0.320717,0.531003,0],"p2":[0.442195,0.355942,0],"p3":[0.958185,-0.449702,0],"p4":[0.829545,-1.425418,0],"p6":[-0.464055,-1.488678,0],"p7":[-0.85697,-1.116594,0],"p8":[-0.885207,0.080421,0]},"stransformpos":"Transform( -0.721702, 0, 0.692204, 0, 1, 0, -0.692204, 0, -0.721702, -31.5983, 11.0164, -12.991 )","xcresource":""}
{"drawingtype":0,"drawingvisiblecode":0,"name":"s21","onepathpairs":["p1","p2","p2","p3","p3","p4","p4","p5","p5","p6","p6","p7","p7","p1"],"snodepoints":{"p1":[-0.809079,-2.498178,0],"p2":[0.522945,-2.431874,0],"p3":[0.420133,-1.177258,0],"p4":[0.269084,-0.61488,0],"p5":[-0.352248,-0.599573,0],"p6":[-0.758842,-1.153157,0],"p7":[-0.803322,-1.988192,0]},"stransformpos":"Transform( -0.677398, 0, 0.735616, 0, 1, 0, -0.735616, 0, -0.677398, -24.0861, 11.8566, -19.3639 )","xcresource":""}
{"drawingtype":1,"drawingvisiblecode":8,"imgtrim":{"imgheightwidthratio":1.377358,"imgwidth":45.027869,"simgtrimleftdown":"Vector2( -22.5139, -31.0098 )","simgtrimrightup":"Vector2( 22.5139, -7.91351 )"},"name":"TopLef53fcb06eeb0206,2","snodepoints":{"p1":[14.406189,-17.490879,0],"p2":[8.950988,-24.130718,0]},"stransformpos":"Transform( 0.999993, -0.00378357, 0, 0, 0, 1, -0.00378357, -0.999993, 0, -46.2694, 5.70493, -30.5574 )","xcresource":"http://cave-registry.org.uk/svn/NorthernEngland/CumbriaMines/rawscans/ConistonCopperMines/TopLevel1_DrawnUpNotes1_NP_20220206.jpg"}
{"drawingtype":3,"drawingvisiblecode":0,"name":"r3","onepathpairs":["a0","k1","k1","k2","k2","a3","a3","k4","k4","a5","a5","k6","k6","k7"],"snodepoints":{"a0":[45.81871,27.007252,-13.469625],"a3":[43.429718,22.148304,-15.214314],"a5":[38.108673,15.698877,-21.328716],"k1":[45.711056,25.61331,-13.69636],"k2":[44.144558,22.305738,-14.945216],"k4":[40.921322,18.173594,-18.094481],"k6":[37.072891,8.008271,-21.542654],"k7":[36.915985,8.000799,-21.885736]},"stransformpos":"Transform( 1, 0, 0, 0, 1, 0, 0, 0, 1, -0.935618, 1.43831, -3.22578 )","xcresource":""}
{"drawingtype":3,"drawingvisiblecode":0,"name":"r2","onepathpairs":["k7","k2","k6","k7","k2","k3","k3","k4","k4","k5","a0","k6"],"snodepoints":{"a0":[50.105728,32.914555,-9.500004],"k2":[48.448219,29.908302,-11.627876],"k3":[46.771206,27.774893,-12.550953],"k4":[46.504002,26.217485,-12.623033],"k5":[46.375305,26.168839,-12.449589],"k6":[50.041908,32.530983,-10.301345],"k7":[49.351212,31.280312,-10.976192]},"stransformpos":"Transform( 1, 0, 0, 0, 1, 0, 0, 0, 1, -0.935618, 1.43831, -3.22578 )","xcresource":""}
{"drawingtype":3,"drawingvisiblecode":0,"name":"rc1","onepathpairs":["a0","k1","k6","k1","k5","k6","k5","a0","a0","k7","k7","k8","k8","k9","k9","k10","k10","k7","k1","k8","k10","k5","k6","k9"],"snodepoints":{"a0":[53.756252,36.535122,34.611744],"k1":[53.851212,36.749039,34.674793],"k10":[52.466171,36.563129,36.092327],"k5":[53.914394,36.444214,34.791256],"k6":[53.955238,36.686092,34.83773],"k7":[52.308029,36.654037,35.912815],"k8":[52.402988,36.867954,35.975864],"k9":[52.507015,36.805008,36.138802]},"stransformpos":"Transform( 0.992146, -0.122342, 0.026316, 0.107239, 0.939587, 0.325087, -0.0644963, -0.319707, 0.945327, 3.81835, -13.1035, 11.17 )","xcflatshellmaterial":"partialrock","xcresource":""}
{"drawingtype":3,"drawingvisiblecode":0,"name":"r5","onepathpairs":["a0","k1","k6","k1","k5","k6","k5","a0","a0","k7","k7","k8","k8","k9","k9","k10","k10","k7","k1","k8","k10","k5","k6","k9"],"snodepoints":{"a0":[53.756252,36.535122,34.611744],"k1":[53.851212,36.749039,34.674793],"k10":[52.466171,36.563129,36.092327],"k5":[53.914394,36.444214,34.791256],"k6":[53.955238,36.686092,34.83773],"k7":[52.308029,36.654037,35.912815],"k8":[52.402988,36.867954,35.975864],"k9":[52.507015,36.805008,36.138802]},"stransformpos":"Transform( 0.978038, 0.205694, -0.033798, -0.207612, 0.975753, -0.0693243, 0.0187207, 0.0748188, 0.997026, -5.85195, 16.1682, -10.7333 )","xcflatshellmaterial":"partialrock","xcresource":""}
{"drawingtype":0,"drawingvisiblecode":0,"name":"s22","onepathpairs":["p1","p2","p2","p3","p3","p4","p4","p5","p5","p6","p6","p1"],"snodepoints":{"p1":[-1.218068,0.254654,0],"p2":[-0.810742,0.984062,0],"p3":[-0.169623,1.125082,0],"p4":[0.203331,0.166869,0],"p5":[0.207579,-0.952068,0],"p6":[-1.256147,-0.872504,0]},"stransformpos":"Transform( -0.724978, 0, 0.688772, 0, 1, 0, -0.688772, 0, -0.724978, -18.5119, 10.2443, -25.8753 )","xcresource":""}
{"drawingtype":3,"drawingvisiblecode":0,"name":"rc2","onepathpairs":["a0","k1","k6","k1","k5","k6","k5","a0","a0","k7","k7","k8","k8","k9","k9","k10","k10","k7","k1","k8","k10","k5","k6","k9"],"snodepoints":{"a0":[53.756252,36.535122,34.611744],"k1":[53.851212,36.749039,34.674793],"k10":[52.466171,36.563129,36.092327],"k5":[53.914394,36.444214,34.791256],"k6":[53.955238,36.686092,34.83773],"k7":[52.308029,36.654037,35.912815],"k8":[52.402988,36.867954,35.975864],"k9":[52.507015,36.805008,36.138802]},"stransformpos":"Transform( 0.98281, -0.174308, -0.0609699, 0.184076, 0.898434, 0.39868, -0.0147145, -0.403046, 0.915073, 10.5725, -17.9847, 13.6937 )","xcflatshellmaterial":"partialrock","xcresource":""}
{"drawingtype":1,"drawingvisiblecode":8,"imgtrim":{"imgheightwidthratio":1.377358,"imgwidth":44.402172,"simgtrimleftdown":"Vector2( -22.2011, -30.5788 )","simgtrimrightup":"Vector2( 5.55397, -6.94274 )"},"name":"Leve61d67de65bfap-NP,1","snodepoints":{"p1":[-13.036956,-17.180923,0],"p2":[2.41839,-27.85939,0]},"stransformpos":"Transform( -0.999987, 0.00514282, 0, 0, 0, 1, 0.00514282, 0.999987, 0, -15.405, 20.436, 82.1644 )","xcresource":"http://cave-registry.org.uk/svn/NorthernEngland/CumbriaMines/rawscans/ConistonCopperMines/Leverswater-2of6-DrawnUp-NP.jpg"}
{"drawingtype":1,"drawingvisiblecode":8,"imgtrim":{"imgheightwidthratio":1.377358,"imgwidth":44.647753,"simgtrimleftdown":"Vector2( -22.3239, -30.7479 )","simgtrimrightup":"Vector2( 22.3239, 30.7479 )"},"name":"TopL6edc399b5f730206,1","snodepoints":{"p1":[13.531018,10.722196,0],"p2":[-13.073956,-4.673685,0]},"stransformpos":"Transform( 0.999991, 0.00427722, 0, 0, 0, 1, 0.00427722, -0.999991, 0, -3.89316, 2.36982, -30.67 )","xcresource":"http://cave-registry.org.uk/svn/NorthernEngland/CumbriaMines/rawscans/ConistonCopperMines/TopLevel1_DrawnUpNotes2_NP_20220206.jpg"}
{"drawingtype":0,"drawingvisiblecode":0,"name":"s23","onepathpairs":["p1","p2","p2","p3","p3","p4","p4","p5","p5","p6","p6","p1"],"snodepoints":{"p1":[-1.483698,-0.669302,0],"p2":[0.183344,-0.654514,0],"p3":[0.276907,0.357217,0],"p4":[-0.108408,1.050818,0],"p5":[-0.967254,1.409999,0],"p6":[-1.434077,0.750732,0]},"stransformpos":"Transform( -0.504977, 0, 0.863133, 0, 1, 0, -0.863133, 0, -0.504977, -8.1936, 9.51518, -36.9067 )","xcresource":""}
{"drawingtype":1,"drawingvisiblecode":8,"imgtrim":{"imgheightwidthratio":1.377358,"imgwidth":44.834079,"simgtrimleftdown":"Vector2( -22.417, -2.14479 )","simgtrimrightup":"Vector2( 22.417, 16.3415 )"},"name":"Leve61d67de65bfap-NP,0","snodepoints":{"p1":[-13.416453,3.972643,0],"p3":[-12.65494,10.062522,0]},"stransformpos":"Transform( -1, 0.00024852, 0, 0, 0, 1, 0.00024852, 1, 0, -15.554, 46.7225, 82.1373 )","xcresource":"http://cave-registry.org.uk/svn/NorthernEngland/CumbriaMines/rawscans/ConistonCopperMines/Leverswater-2of6-DrawnUp-NP.jpg"}
{"drawingtype":0,"drawingvisiblecode":0,"name":"s24","onepathpairs":["p1","p2","p2","p3","p3","p4","p4","p5","p5","p6","p6","p1"],"snodepoints":{"p1":[-0.425523,-1.078167,0],"p2":[-0.24339,0.155244,0],"p3":[0.566597,0.294254,0],"p4":[1.168359,-0.44589,0],"p5":[1.146949,-1.814873,0],"p6":[-0.314953,-1.941911,0]},"stransformpos":"Transform( -0.164217, 0, 0.986424, 0, 1, 0, -0.986424, 0, -0.164217, -2.14857, 10.8571, -37.247 )","xcresource":""}
{"drawingtype":0,"drawingvisiblecode":0,"name":"s25","onepathpairs":["p1","p2","p2","p3","p3","p4","p4","p5","p5","p6","p6","p7","p7","p1"],"snodepoints":{"p1":[0.276487,-0.100089,0],"p2":[0.238154,1.056157,0],"p3":[0.74871,1.886587,0],"p4":[1.480404,1.460405,0],"p5":[1.666955,0.101759,0],"p6":[1.933646,-0.523955,0],"p7":[0.462802,-0.559677,0]},"stransformpos":"Transform( -0.157307, 0, 0.98755, 0, 1, 0, -0.98755, 0, -0.157307, 2.47624, 10.2439, -37.2173 )","xcresource":""}
{"drawingtype":0,"drawingvisiblecode":0,"name":"s28","onepathpairs":["p1","p2","p2","p3","p3","p4","p4","p5","p5","p1"],"snodepoints":{"p1":[-1.152168,0.680847,0],"p2":[0.702243,0.636611,0],"p3":[0.617949,0.115628,0],"p4":[-0.724976,-0.045521,0],"p5":[-1.20947,0.089959,0]},"stransformpos":"Transform( 0.953682, 0, 0.300818, 0, 1, 0, -0.300818, 0, 0.953682, 7.18695, 15.8982, -34.7886 )","xcresource":""}
{"drawingtype":0,"drawingvisiblecode":0,"name":"Hole;2;s27;s25","onepathpairs":["r1p3","r0p3","r0p3","r0p2","r0p2","r0p1","r0p1","r0p6","r0p6","r1p7","r1p7","r1p1","r1p1","r1p2","r1p2","r1p3"],"snodepoints":{"r0p1":[2.411232,-0.297584,0.181274],"r0p2":[2.410964,0.652986,0.184148],"r0p3":[2.482917,1.213121,-0.589772],"r0p6":[2.420445,-1.282829,0.082179],"r1p1":[-2.446963,-0.749541,0.078987],"r1p2":[-2.455884,0.406705,0.116269],"r1p3":[-2.337082,1.237135,-0.380273],"r1p7":[-2.40361,-1.209129,-0.102213]},"stransformpos":"Transform( 0.923839, 0, 0.382782, 0, 1, 0, -0.382782, 0, 0.923839, 4.66311, 10.8933, -38.5 )","xcresource":""}
{"drawingtype":1,"drawingvisiblecode":8,"imgtrim":{"imgheightwidthratio":1.377358,"imgwidth":44.457418,"simgtrimleftdown":"Vector2( -1.15896, -17.2087 )","simgtrimrightup":"Vector2( 22.2287, 30.6168 )"},"name":"Leveff77899af5bbp-NP,0","snodepoints":{"p1":[19.265093,20.048914,0],"p2":[6.830204,1.74768,0]},"stransformpos":"Transform( -1, -0.00083336, 0, 0, 0, 1, -0.00083336, 1, 0, 26.6453, 42.7182, 24.4631 )","xcresource":"http://cave-registry.org.uk/svn/NorthernEngland/CumbriaMines/rawscans/ConistonCopperMines/Leverswater-4of6-DrawnUp-NP.jpg"}
{"drawingtype":0,"drawingvisiblecode":0,"name":"s27","onepathpairs":["p1","p2","p2","p3","p3","p4","p4","p5","p5","p6","p6","p1"],"snodepoints":{"p1":[-0.512217,-1.166351,0],"p2":[-0.515102,-0.215782,0],"p3":[0.262156,0.344354,0],"p4":[0.887184,-0.530966,0],"p5":[0.939522,-2.095218,0.643986],"p6":[-0.412693,-2.151597,0]},"stransformpos":"Transform( -0.295616, 0, 0.955307, 0, 1, 0, -0.955307, 0, -0.295616, 6.80867, 11.7621, -39.7448 )","xcresource":""}
{"drawingtype":0,"drawingvisiblecode":0,"name":"s29","onepathpairs":["p1","p2","p2","p3","p3","p4","p4","p1","p1","p3"],"snodepoints":{"p1":[-0.348703,0.220628,0],"p2":[0.239064,0.25616,0],"p3":[0.265526,-0.11003,0],"p4":[-0.3191,-0.177833,0]},"stransformpos":"Transform( -0.431936, 0, -0.901904, 0, 1, 0, 0.901904, 0, -0.431936, 3.82568, 10.6388, -43.5114 )","xcresource":""}
{"drawingtype":0,"drawingvisiblecode":0,"name":"s77","onepathpairs":["p1","p2","p2","p3","p3","p4","p4","p1"],"snodepoints":{"p1":[-0.299068,0.649323,0],"p2":[-0.396969,-0.56282,0],"p3":[-1.185726,-0.582867,0],"p4":[-1.580593,0.459839,0]},"stransformpos":"Transform( -0.677567, 0, -0.735461, 0, 1, 0, 0.735461, 0, -0.677567, 6.46905, 10.349, -41.5774 )","xcresource":""}
{"drawingtype":1,"drawingvisiblecode":14,"imgtrim":{"imgheightwidthratio":0.75,"imgwidth":2,"simgtrimleftdown":"Vector2( -1, -0.75 )","simgtrimrightup":"Vector2( 1, 0.75 )"},"name":"imagd0dd6c9bf9545-07,0","snodepoints":{},"stransformpos":"Transform( 0.909385, -0.171866, 0.378789, 0, 0.910648, 0.413183, -0.415955, -0.375743, 0.82813, 35.1683, 23.9303, 16.699 )","xcresource":"http://cave-registry.org.uk/svn/NorthernEngland/CumbriaMines/photos/ConistonCopperMines/image_2022-02-03_19-15-07.jpg"}
{"drawingtype":1,"drawingvisiblecode":14,"imgtrim":{"imgheightwidthratio":1.333333,"imgwidth":2,"simgtrimleftdown":"Vector2( -1, -1.33333 )","simgtrimrightup":"Vector2( 1, 1.33333 )"},"name":"imag3bcd4689974d8-04,0","snodepoints":{},"stransformpos":"Transform( 1.57351, -0.0827534, 0.235977, 0.0607505, 1.58495, 0.150728, -0.242574, -0.139859, 1.56846, 35.0826, 26.983, 16.6065 )","xcresource":"http://cave-registry.org.uk/svn/NorthernEngland/CumbriaMines/photos/ConistonCopperMines/image_2022-02-03_19-18-04.jpg"}
{"drawingtype":0,"drawingvisiblecode":0,"name":"Hole;2;s27;s26","onepathpairs":["r1p4","r0p4","r0p4","r0p5","r0p5","r1p5","r1p5","r1p4"],"snodepoints":{"r0p4":[1.796098,1.195865,0.010669],"r0p5":[1.149995,-0.368387,0.013695],"r1p4":[-1.706764,0.742581,0.218115],"r1p5":[-1.517712,-1.382963,-0.126572]},"stransformpos":"Transform( -0.929953, 0, -0.367678, 0, 1, 0, 0.367678, 0, -0.929953, 8.22061, 10.0353, -41.2428 )","xcresource":""}
{"drawingtype":0,"drawingvisiblecode":0,"name":"s26","onepathpairs":["p1","p2","p2","p3","p3","p4","p4","p5","p5","p1"],"snodepoints":{"p1":[-1.131591,-1.433305,0],"p2":[-0.601924,0.392191,0],"p3":[-0.122602,1.107895,0],"p4":[0.819084,0.715681,0],"p5":[0.425956,-1.409863,0]},"stransformpos":"Transform( 0.124832, 0, 0.992178, 0, 1, 0, -0.992178, 0, 0.124832, 9.62538, 10.0622, -41.2605 )","xcresource":""}
{"drawingtype":1,"drawingvisiblecode":8,"imgtrim":{"imgheightwidthratio":1.377358,"imgwidth":44.646563,"simgtrimleftdown":"Vector2( -22.3233, -30.7472 )","simgtrimrightup":"Vector2( 22.3233, 30.7472 )"},"name":"TopLd0a717e0617f0206,0","snodepoints":{"p1":[-4.110225,26.422119,0],"p2":[16.47998,-2.497999,0]},"stransformpos":"Transform( 0.999999, 0.00138998, 0, 0, 0, 1, 0.00138998, -0.999999, 0, 38.4174, 24.6947, 26.6619 )","xcresource":"http://cave-registry.org.uk/svn/NorthernEngland/CumbriaMines/rawscans/ConistonCopperMines/TopLevel1_DrawnUpNotes5_NP_20220206.jpg"}
{"drawingtype":0,"drawingvisiblecode":0,"name":"s30","onepathpairs":["p1","p2","p2","p3","p3","p4","p4","p5","p5","p1"],"snodepoints":{"p1":[-0.843099,0.044994,0],"p2":[-0.090226,0.400103,0],"p3":[0.540452,-0.559817,0],"p4":[0.267342,-1.372738,0],"p5":[-0.958842,-1.371384,0]},"stransformpos":"Transform( 0.527421, 0, 0.849604, 0, 1, 0, -0.849604, 0, 0.527421, 14.3131, 10.2137, -39.0219 )","xcresource":""}
{"drawingtype":1,"drawingvisiblecode":14,"imgtrim":{"imgheightwidthratio":1.333333,"imgwidth":2,"simgtrimleftdown":"Vector2( -1, -1.33333 )","simgtrimrightup":"Vector2( 1, 1.33333 )"},"name":"imag5686f4728f717-11,0","snodepoints":{},"stransformpos":"Transform( 0.918047, -0.0374649, 0.9719, 0.0279462, 1.33693, 0.02514, -0.972222, 0.0030506, 0.918464, 37.9558, 26.9195, 15.7822 )","xcresource":"http://cave-registry.org.uk/svn/NorthernEngland/CumbriaMines/photos/ConistonCopperMines/image_2022-02-03_19-17-11.jpg"}
{"drawingtype":0,"drawingvisiblecode":0,"name":"s56","onepathpairs":["p1","p2","p2","p3","p1","p4","p4","p3"],"snodepoints":{"p1":[-0.430296,1.356491,0],"p2":[0.551657,1.228704,0],"p3":[0.604196,-0.130026,0],"p4":[-0.312993,-0.063965,0]},"stransformpos":"Transform( 0.911605, 0, -0.411067, 0, 1, 0, 0.411067, 0, 0.911605, 36.1639, 29.2769, 7.38302 )","xcresource":""}
{"drawingtype":0,"drawingvisiblecode":0,"name":"s31","onepathpairs":["p1","p2","p2","p3","p3","p4","p4","p5","p5","p6","p1","p7","p7","p6"],"snodepoints":{"p1":[0.226622,0.535148,0],"p2":[1.050226,0.78855,0],"p3":[1.170547,-0.473196,0],"p4":[1.159388,-1.206344,0],"p5":[0.006817,-1.276412,0],"p6":[-0.110879,-0.417759,0],"p7":[-0.237199,0.378539,0]},"stransformpos":"Transform( 0.35134, 0, 0.936248, 0, 1, 0, -0.936248, 0, 0.35134, 25.0478, 9.82363, -32.8585 )","xcresource":""}
{"drawingtype":3,"drawingvisiblecode":0,"name":"rc3","onepathpairs":["a0","k1","k6","k1","k5","k6","k5","a0","a0","k7","k7","k8","k8","k9","k9","k10","k10","k7","k1","k8","k10","k5","k6","k9"],"snodepoints":{"a0":[53.756252,36.535122,34.611744],"k1":[53.851212,36.749039,34.674793],"k10":[52.466171,36.563129,36.092327],"k5":[53.914394,36.444214,34.791256],"k6":[53.955238,36.686092,34.83773],"k7":[52.308029,36.654037,35.912815],"k8":[52.402988,36.867954,35.975864],"k9":[52.507015,36.805008,36.138802]},"stransformpos":"Transform( 0.791809, -0.324772, -0.517293, 0.597184, 0.589436, 0.544032, 0.128222, -0.739675, 0.66066, 30.5805, -43.3463, -3.62651 )","xcflatshellmaterial":"partialrock","xcresource":""}
{"drawingtype":0,"drawingvisiblecode":0,"name":"s55","onepathpairs":["p1","p2","p2","p3","p5","p6","p5","p7","p7","p3","p6","p1"],"snodepoints":{"p1":[-1.444322,-2.587969,0],"p2":[-0.26155,-3.015875,0],"p3":[0.222773,-2.448835,0],"p5":[-0.324108,-0.630045,0],"p6":[-1.466335,-1.179205,0],"p7":[0.238794,-1.217167,0]},"stransformpos":"Transform( 0.908715, 0, -0.417418, 0, 1, 0, 0.417418, 0, 0.908715, 39.925, 31.519, 0.365299 )","xcresource":""}
{"drawingtype":0,"drawingvisiblecode":0,"name":"s44","onepathpairs":["p1","p2","p14","p4","p4","p15","p4","p5","p5","p6","p6","p7","p7","p8","p8","p9","p9","p10","p11","p13","p11","p12","p12","p1","p13","p10","p12","p14","p2","p3","p15","p3"],"snodepoints":{"p1":[1.04591,0.171925,0],"p10":[2.222886,8.501074,0],"p11":[1.780772,4.892632,0],"p12":[1.153178,2.121037,0],"p13":[1.973746,6.584894,0],"p14":[0.664332,2.512026,0],"p15":[-0.419757,1.783356,0],"p2":[0.610256,-0.415564,0],"p3":[-0.377177,-0.370893,0],"p4":[0.03198,3.154169,0],"p5":[-0.477573,5.072033,0],"p6":[-0.088625,8.252539,0],"p7":[0.752601,10.698137,0],"p8":[2.850823,11.70402,0],"p9":[3.608195,12.215094,0]},"stransformpos":"Transform( 0.991184, 0, -0.132489, 0, 1, 0, 0.132489, 0, 0.991184, 40.7167, 28.0565, -4.71052 )","xcresource":""}
{"drawingtype":0,"drawingvisiblecode":0,"name":"s73","onepathpairs":["p1","p2","p2","p3","p3","p4","p4","p1"],"snodepoints":{"p1":[-4.64634,-4.506023,0],"p2":[-3.571645,-4.565948,0],"p3":[-3.660571,-4.937721,0],"p4":[-4.573287,-4.910946,0]},"stransformpos":"Transform( -0.638148, 0, -0.769914, 0, 1, 0, 0.769914, 0, -0.638148, 41.9473, 40.3274, 23.5277 )","xcresource":""}
{"drawingtype":0,"drawingvisiblecode":0,"name":"s32","onepathpairs":["p1","p2","p2","p3","p3","p4","p4","p5","p5","p6","p6","p7","p7","p1"],"snodepoints":{"p1":[-1.506322,-1.550604,0],"p2":[-0.369704,-1.487588,0],"p3":[0.304131,-0.671721,0],"p4":[0.152389,0.194982,0],"p5":[-1.484917,0.463126,0],"p6":[-1.929303,0.29541,0],"p7":[-1.910616,-0.641756,0]},"stransformpos":"Transform( 0.644856, 0, 0.764304, 0, 1, 0, -0.764304, 0, 0.644856, 31.5735, 9.87487, -31.1339 )","xcresource":""}
{"drawingtype":0,"drawingvisiblecode":0,"name":"s53","onepathpairs":["p1","p2","p2","p3","p3","p4","p4","p5","p5","p6","p6","p7","p7","p8","p8","p9","p9","p10","p10","p11","p11","p12","p12","p13","p13","p14","p14","p15","p1","p16","p20","p21","p16","p17","p17","p18","p18","p19","p19","p20","p21","p15"],"snodepoints":{"p1":[0.491458,0.181444,0],"p10":[-1.90298,7.18054,0],"p11":[-1.573246,5.444254,0],"p12":[-1.378515,3.990086,0],"p13":[-0.849962,2.049511,0],"p14":[-0.48188,0.185326,0],"p15":[-0.368583,-0.553885,0],"p16":[0.431756,-0.543335,0],"p17":[0.828175,-1.783052,0],"p18":[1.670221,-5.672703,0],"p19":[0.788592,-5.606966,0],"p2":[0.213966,2.101385,0],"p20":[0.256059,-4.053522,0],"p21":[-0.130233,-1.861444,0],"p3":[0.34075,2.504379,0],"p4":[0.639944,4.051453,0],"p5":[0.34571,6.634089,0],"p6":[0.181565,7.260309,0],"p7":[-0.557672,10.045374,0],"p8":[-2.220796,10.637014,0],"p9":[-2.791653,11.101484,0]},"stransformpos":"Transform( -0.898917, 0, -0.438119, 0, 1, 0, 0.438119, 0, -0.898917, 42.1408, 28.957, -1.69825 )","xcresource":""}
{"drawingtype":0,"drawingvisiblecode":0,"name":"Hole;2;s34;s43","onepathpairs":["r1p1","r0p8","r0p8","r0p6","r0p6","r1p2","r1p2","r1p5","r1p5","r1p1"],"snodepoints":{"r0p6":[-0.125546,0.582281,0.117118],"r0p8":[-0.630112,0.114758,0.15165],"r1p1":[-0.047798,-0.702299,-0.060731],"r1p2":[0.576054,0.300943,-0.166316],"r1p5":[0.455784,-0.413073,-0.089354]},"stransformpos":"Transform( 1, 0, 0, 0, 0, 1, 0, -1, 0, 36.3012, 9.80695, -24.8499 )","xcresource":""}
{"drawingtype":0,"drawingvisiblecode":0,"name":"s43","onepathpairs":["p2","p5","p2","p3","p4","p6","p4","p1","p5","p1","p6","p3","p5","p6"],"snodepoints":{"p1":[-0.587427,0.754258,0],"p2":[0.593964,0.648673,0],"p3":[0.453811,-0.080176,0],"p4":[-0.53004,-0.091313,0],"p5":[-0.075893,0.725636,0.274912],"p6":[-0.047607,-0.073702,0]},"stransformpos":"Transform( 0.528064, 0, 0.849205, 0, 1, 0, -0.849205, 0, 0.528064, 36.5636, 8.99196, -24.6464 )","xcresource":""}
{"drawingtype":0,"drawingvisiblecode":0,"name":"s34","onepathpairs":["p3","p4","p4","p5","p6","p8","p6","p7","p7","p3","p8","p5"],"snodepoints":{"p3":[0.029682,-0.216567,0],"p4":[0.581901,-0.237726,0],"p5":[0.843036,0.202498,0],"p6":[-0.044745,0.808557,0],"p7":[-0.26113,0.161625,0],"p8":[0.643124,0.84309,0]},"stransformpos":"Transform( -0.73352, 0, -0.679668, 0, 1, 0, 0.679668, 0, -0.73352, 36.1428, 9.11551, -25.4017 )","xcresource":""}
{"drawingtype":0,"drawingvisiblecode":0,"name":"Hole;s44;s53","onepathpairs":["r1p1","r0p3","r0p3","r0p15","r0p15","r0p4","r0p4","r0p5","r0p5","r0p6","r0p6","r0p7","r0p7","r1p7","r1p7","r1p6","r1p6","r1p5","r1p5","r1p4","r1p4","r1p3","r1p3","r1p2","r1p2","r1p1"],"snodepoints":{"r0p15":[-1.886159,-3.279696,0.275978],"r0p3":[-1.86521,-5.433945,0.238907],"r0p4":[-1.663914,-1.908882,-0.117306],"r0p5":[-1.914603,0.008982,0.326311],"r0p6":[-1.723249,3.189487,-0.012307],"r0p7":[-1.309381,5.635086,-0.744686],"r1p1":[1.681635,-3.981108,0.200453],"r1p2":[1.661667,-2.061167,-0.07632],"r1p3":[1.670791,-1.658173,0.050135],"r1p4":[1.69232,-0.111099,0.348554],"r1p5":[1.671147,2.471539,0.055082],"r1p6":[1.659335,3.097755,-0.108637],"r1p7":[1.60614,5.88282,-0.845957]},"stransformpos":"Transform( 0.372297, 0, -0.928113, 0, 1, 0, 0.928113, 0, 0.372297, 41.259, 33.1196, -3.11831 )","xcresource":""}
{"drawingtype":0,"drawingvisiblecode":0,"name":"s45","onepathpairs":["p1","p2","p2","p3","p3","p4","p4","p5","p5","p6","p6","p7","p7","p8","p8","p1"],"snodepoints":{"p1":[0.300068,0.223328,0],"p2":[0.068156,-0.592911,0],"p3":[-0.216318,-1.284735,0],"p4":[-0.610463,-1.297108,0],"p5":[-0.921439,-0.2136,0],"p6":[-1.021455,0.501974,0],"p7":[-0.972284,1.014551,0],"p8":[0.302664,1.127951,0]},"stransformpos":"Transform( 0.742904, 0, -0.669398, 0, 1, 0, 0.669398, 0, 0.742904, 42.2584, 28.3611, -5.45853 )","xcresource":""}
{"drawingtype":0,"drawingvisiblecode":0,"name":"Hole;2;s35;s42","onepathpairs":["rb0","r0p3","r0p3","r0p2","r0p2","r0p1","r0p1","r1p1","r1p1","r1p9","r1p9","r1p8","r1p8","rb0"],"snodepoints":{"r0p1":[-0.739689,-0.247097,-0.279777],"r0p2":[-0.299545,0.26701,-0.371149],"r0p3":[0.045673,0.670238,-0.351916],"r1p1":[0.244942,-0.924088,0.574864],"r1p8":[0.898876,-0.17955,0.951966],"r1p9":[0.528091,-0.601706,0.411139],"rb0":[0.459087,0.517832,0.218297]},"stransformpos":"Transform( 1, 0, 0, 0, 0, 1, 0, -1, 0, 36.6351, 13.5555, -24.6594 )","xcresource":""}
{"drawingtype":0,"drawingvisiblecode":0,"name":"s35","onepathpairs":["p1","p2","p2","p3","p3","p4","p4","p5","p5","p6","p6","p7","p7","p8","p8","p1","p7","p4"],"snodepoints":{"p1":[-0.983789,0.219614,0],"p2":[-0.307006,0.128242,0],"p3":[0.223812,0.147474,0],"p4":[0.420798,1.08002,0],"p5":[0.343966,2.465305,0],"p6":[0.085816,3.438332,0],"p7":[-0.502909,2.310071,0],"p8":[-0.806004,1.224712,0]},"stransformpos":"Transform( 0.650349, 0, 0.759635, 0, 1, 0, -0.759635, 0, 0.650349, 36.5352, 13.0561, -25.1596 )","xcresource":""}
{"drawingtype":0,"drawingvisiblecode":0,"name":"s42","onepathpairs":["p1","p2","p2","p3","p3","p4","p4","p5","p5","p6","p6","p7","p7","p8","p8","p9","p9","p1"],"snodepoints":{"p1":[0.419261,-0.328845,0],"p2":[0.172847,0.978673,0],"p3":[0.019671,1.93645,0],"p4":[-0.325424,3.182905,0],"p5":[-0.514622,3.237164,0],"p6":[-0.688295,2.971061,0],"p7":[-0.795615,1.61659,0],"p8":[-0.571678,0.048257,0],"p9":[-0.009811,-0.49257,0]},"stransformpos":"Transform( -0.659911, 0, -0.751344, 0, 1, 0, 0.751344, 0, -0.659911, 37.1567, 14.4592, -24.0503 )","xcresource":""}
{"drawingtype":0,"drawingvisiblecode":2,"name":"s74","onepathpairs":["p1","p2","p2","p3","p3","p4","p4","p5","p5","p6"],"snodepoints":{"p1":[-3.158571,-2.118031,0],"p2":[-2.24117,-2.762543,0],"p3":[-0.966292,-3.429218,0],"p4":[0.621989,-3.319534,0],"p5":[1.971375,-2.576038,0],"p6":[2.409289,-1.996929,0]},"stransformpos":"Transform( -0.821454, 0, -0.570275, 0, 1, 0, 0.570275, 0, -0.821454, 26.6747, 58.4685, -9.29784 )","xcresource":""}
{"drawingtype":0,"drawingvisiblecode":0,"name":"s61","onepathpairs":["p1","p16","p2","p3","p3","p4","p4","p5","p5","p6","p6","p7","p7","p8","p8","p9","p9","p10","p10","p11","p11","p12","p12","p13","p13","p14","p14","p15","p15","p1","p2","p11","p16","p2","p16","p12"],"snodepoints":{"p1":[-0.608629,0.492138,0],"p10":[1.723554,0.106289,0],"p11":[1.042441,0.091896,0],"p12":[0.708866,-0.835751,0],"p13":[0.401939,-1.778603,0],"p14":[-0.211954,-1.671516,0],"p15":[-0.567474,-0.538158,0],"p16":[0.16126,0.758858,0],"p2":[0.592844,0.861118,0],"p3":[0.914209,1.830734,0],"p4":[1.046769,3.18169,0],"p5":[1.186364,4.51833,0],"p6":[2.079268,5.030834,0],"p7":[2.584257,3.81913,0],"p8":[2.191589,2.143749,0],"p9":[1.903724,0.866402,0]},"stransformpos":"Transform( 0.610249, 0, 0.79221, 0, 1, 0, -0.79221, 0, 0.610249, 34.8754, 52.1475, 1.35068 )","xcresource":""}
{"drawingtype":0,"drawingvisiblecode":0,"name":"s62","onepathpairs":["p1","p2","p6","p1","p3","p4","p4","p5","p5","p6"],"snodepoints":{"p1":[-0.676332,-0.072289,0],"p2":[-0.621696,1.178684,0],"p3":[0.57255,1.248245,0],"p4":[0.708468,-0.123791,0],"p5":[0.635912,-1.474903,0],"p6":[-0.510966,-1.548294,0]},"stransformpos":"Transform( 0.803145, 0, 0.595783, 0, 1, 0, -0.595783, 0, 0.803145, 31.4252, 54.8152, -4.45967 )","xcresource":""}
{"drawingtype":0,"drawingvisiblecode":0,"name":"s47","onepathpairs":["p1","p2","p2","p3","p3","p4","p4","p5","p5","p6","p6","p15","p7","p8","p8","p9","p9","p10","p10","p11","p11","p12","p1","p14","p14","p12","p15","p7"],"snodepoints":{"p1":[-1.787696,-2.781038,0],"p10":[-1.25844,3.645136,0],"p11":[-1.453449,2.428106,0],"p12":[-1.497035,1.718266,0],"p14":[-1.243216,0.552666,0],"p15":[2.336474,6.423027,0],"p2":[0.08769,-2.820988,0],"p3":[0.381389,1.30727,0],"p4":[0.755812,2.616568,0],"p5":[1.047049,3.303196,0],"p6":[1.784717,4.397812,0],"p7":[1.262666,8.588474,0],"p8":[0.095396,9.306244,0],"p9":[-0.709971,5.688662,0]},"stransformpos":"Transform( 0.804105, 0, 0.594487, 0, 1, 0, -0.594487, 0, 0.804105, 45.5555, 30.324, 4.87832 )","xcresource":""}
{"drawingtype":0,"drawingvisiblecode":0,"name":"s64","onepathpairs":["p1","p2","p2","p3","p3","p4","p4","p5","p5","p6","p6","p7","p7","p8","p8","p9","p9","p10","p10","p11","p11","p12","p12","p13","p13","p14","p14","p15","p15","p1"],"snodepoints":{"p1":[-2.471966,-0.065178,0],"p10":[0.246315,-1.661621,0],"p11":[-0.965945,-1.559372,0],"p12":[-1.235312,-3.234657,0],"p13":[-2.455552,-3.625439,0],"p14":[-3.305678,-3.184692,0],"p15":[-3.03025,-1.651833,0],"p2":[-2.183127,1.51347,0],"p3":[-1.591946,3.004997,0],"p4":[-1.103025,4.10931,0],"p5":[-0.221592,5.075233,0],"p6":[0.342967,4.28973,0],"p7":[0.47814,1.788567,0],"p8":[1.709604,1.061188,0],"p9":[1.583148,0.142315,0]},"stransformpos":"Transform( 0.764525, 0, 0.644594, 0, 1, 0, -0.644594, 0, 0.764525, 38.1569, 49.5306, 6.05325 )","xcresource":""}
{"drawingtype":3,"drawingvisiblecode":0,"name":"rc4","onepathpairs":["a0","k1","k6","k1","k5","k6","k5","a0","a0","k7","k7","k8","k8","k9","k9","k10","k10","k7","k1","k8","k10","k5","k6","k9"],"snodepoints":{"a0":[53.756252,36.535122,34.611744],"k1":[53.851212,36.749039,34.674793],"k10":[52.466171,36.563129,36.092327],"k5":[53.914394,36.444214,34.791256],"k6":[53.955238,36.686092,34.83773],"k7":[52.308029,36.654037,35.912815],"k8":[52.402988,36.867954,35.975864],"k9":[52.507015,36.805008,36.138802]},"stransformpos":"Transform( 0.657629, -0.398993, -0.639033, 0.721548, 0.0896707, 0.686561, -0.216626, -0.912578, 0.346858, 45.1698, -36.7446, 33.1844 )","xcflatshellmaterial":"partialrock","xcresource":""}
{"drawingtype":0,"drawingvisiblecode":0,"name":"Hole;1;s40;s45","onepathpairs":["rb0","r0p15","r0p15","r0p16","r0p16","r0p8","r0p8","r0p9","r0p9","r0p10","r0p10","r1p3","r1p3","r1p2","r1p2","r1p1","r1p1","rb0"],"snodepoints":{"r0p10":[0.62047,-1.229317,-0.04941],"r0p15":[0.762171,1.278847,0.202018],"r0p16":[0.697786,0.601919,0.087775],"r0p8":[0.685862,-0.395412,0.066619],"r0p9":[0.647308,-0.827827,-0.001789],"r1p1":[-1.72632,0.837233,-0.198965],"r1p2":[-1.701661,0.020994,-0.429564],"r1p3":[-1.67141,-0.67083,-0.712423],"rb0":[-0.229499,1.635136,0.444634]},"stransformpos":"Transform( 0.586605, 0, 0.809873, 0, 1, 0, -0.809873, 0, 0.586605, 43.6551, 27.7472, -6.53905 )","xcresource":""}
{"drawingtype":0,"drawingvisiblecode":0,"name":"s40","onepathpairs":["p1","p2","p16","p8","p15","p16","p14","p15","p12","p13","p2","p14","p13","p1","p8","p9","p9","p10","p10","p11","p11","p12"],"snodepoints":{"p1":[-0.747029,1.945107,0],"p10":[0.592005,-1.432121,0],"p11":[-0.47228,-1.110445,0],"p12":[-0.349779,-0.126204,0],"p13":[-0.596118,0.516617,0],"p14":[0.945776,1.519152,0],"p15":[0.880612,1.076042,0],"p16":[0.749475,0.399115,0],"p2":[0.434342,1.822828,0],"p8":[0.725191,-0.598217,0],"p9":[0.646664,-1.030632,0]},"stransformpos":"Transform( 0.993549, 0, -0.113401, 0, 1, 0, 0.113401, 0, 0.993549, 43.3909, 27.95, -7.13767 )","xcresource":""}
{"drawingtype":1,"drawingvisiblecode":8,"imgtrim":{"imgheightwidthratio":1.377358,"imgwidth":44.641236,"simgtrimleftdown":"Vector2( 4.95595, -30.7435 )","simgtrimrightup":"Vector2( 22.3206, 11.5157 )"},"name":"Leve57117135fb02p-NP,0","snodepoints":{"p1":[10.184148,-23.590754,0],"p2":[7.445007,9.426703,0]},"stransformpos":"Transform( -0.999996, 0.0027481, 0, 0, 0, 1, 0.0027481, 0.999996, 0, 26.7424, 43.7301, 82.188 )","xcresource":"http://cave-registry.org.uk/svn/NorthernEngland/CumbriaMines/rawscans/ConistonCopperMines/Leverswater-3of6-DrawnUp-NP.jpg"}
