__tunnelvr__ guytrotti
{"Nxcdrawings":6,"Nxctubes":1,"datetime":{"day":1,"dst":true,"hour":16,"minute":57,"month":9,"second":7,"weekday":4,"year":2022},"playername":"Julian2","playerplatform":"PC","sheadtrans":"Transform( 0.972865, -1.65329e-08, -0.231374, 0, 1, -7.14554e-08, 0.231374, 6.95165e-08, 0.972865, 3.18699, 0.80959, -51.9449 )","stransformpos":"Transform( 0.972865, 0, -0.231374, 0, 1, 0, 0.231374, 0, 0.972865, 3.1266, -0.69041, -51.691 )","tunnelvrversion":"v0.7.9"}
{"drawingtype":0,"drawingvisiblecode":2,"name":"s2","onepathpairs":["p1","p2"],"snodepoints":{"p1":[-0.806816,0.440026,0],"p2":[0.942131,0.567318,0]},"stransformpos":"Transform( 0.846905, 0, 0.531744, 0, 1, 0, -0.531744, 0, 0.846905, 1.48377, -0.652575, -54.2249 )","xcresource":""}
{"drawingtype":0,"drawingvisiblecode":2,"name":"s1","onepathpairs":["p1","p2","p2","p3","p3","p4","p4","p1"],"snodepoints":{"p1":[-0.75919,0.937189,0],"p2":[1.001983,1.110431,0],"p3":[0.667954,1.502626,0],"p4":[-0.478272,1.352665,0]},"stransformpos":"Transform( 0.744074, 0, 0.668097, 0, 1, 0, -0.668097, 0, 0.744074, -0.0877812, -0.648932, -55.4088 )","xcresource":""}
{"drawingtype":3,"drawingvisiblecode":2,"name":"rock2","onepathpairs":["li20","li0","li40","li20","li60","li40","li80","li60","li100","li80","lo17","lo0","lo33","lo17","lo50","lo33","lo67","lo50","lo83","lo67","lo100","lo83","hi20","hi0","hi40","hi20","hi60","hi40","hi80","hi60","hi100","hi80","ho10","ho0","ho20","ho10","ho30","ho20","ho40","ho30","ho50","ho40","ho60","ho50","ho70","ho60","ho80","ho70","ho90","ho80","ho100","ho90","hi0","h0t1","h0t1","h0t2","h0t2","h0t3","h0t3","ho0","hi100","h100t1","h100t1","h100t2","h100t2","ho100","li0","lo0","lo0","ho0","hi0","li0","li100","lo100","lo100","ho100","hi100","li100"],"snodepoints":{"h0t1":[3.025,1.5,0],"h0t2":[3.25,1.7,0],"h0t3":[3.475,1.5,0],"h100t1":[-3.052904,1.611111,0.538309],"h100t2":[-3.348346,1.611111,0.590404],"hi0":[2.8,0.9,0],"hi100":[-2.757462,0.9,0.486215],"hi20":[2.321305,0.9,1.56574],"hi40":[1.048898,0.9,2.596115],"hi60":[-0.582153,0.9,2.738813],"hi80":[-2.014151,0.9,1.945043],"ho0":[3.7,0.9,0],"ho10":[3.538328,0.9,1.081775],"ho100":[-3.643789,0.9,0.642498],"ho20":[3.067439,0.9,2.069014],"ho30":[2.328485,0.9,2.87544],"ho40":[1.386044,0.9,3.43058],"ho50":[0.322476,0.9,3.68592],"ho60":[-0.769273,0.9,3.619146],"ho70":[-1.793796,0.9,3.236093],"ho80":[-2.661557,0.9,2.570236],"ho90":[-3.296724,0.9,1.679765],"li0":[2.8,0,0],"li100":[-2.757462,0,0.486215],"li20":[2.321305,0,1.56574],"li40":[1.048898,0,2.596115],"li60":[-0.582153,0,2.738813],"li80":[-2.014151,0,1.945043],"lo0":[3.7,0,0],"lo100":[-3.643789,0,0.642498],"lo17":[3.256745,0,1.756021],"lo33":[2.033183,0,3.091305],"lo50":[0.322476,0,3.68592],"lo67":[-1.465495,0,3.3974],"lo83":[-2.902338,0,2.294871]},"stransformpos":"Transform( 1, 0, 0, 0, 1, 0, 0, 0, 1, 10, 0.2, -12 )","xcresource":""}
{"drawingtype":3,"drawingvisiblecode":2,"name":"r1","onepathpairs":["a0","k1","k1","k2"],"snodepoints":{"a0":[1.494394,0.494425,-50.773678],"k1":[2.401147,0.445473,-50.365475],"k2":[1.983642,0.226544,-50.562897]},"stransformpos":"Transform( 1, 0, 0, 0, 1, 0, 0, 0, 1, 0, 0, 0 )","xcresource":""}
{"drawingtype":1,"drawingvisiblecode":8,"imgtrim":{"imgheightwidthratio":0.63406,"imgwidth":466.167154,"simgtrimleftdown":"Vector2( -209.466, -42.9177 )","simgtrimrightup":"Vector2( 228.843, 108.484 )"},"name":"guandongdf28b9a5f6e3,0","snodepoints":{},"stransformpos":"Transform( -0.0088089, 0.999961, 0, 0, 0, 1, 0.999961, 0.0088089, 0, -43.9337, -0.67041, -9.2969 )","xcresource":"http://cave-registry.org.uk/svn/NorthernEngland/ForeignBodies/TunnelVRCaves/philexpts/guandong.png"}
{"additionalproperties":{"potreeurlmetadata":"http://godot.doesliverpool.xyz:8000/guytrotti/metadata.json","splaystationnoderegex":".*[^\\d]$"},"drawingtype":2,"drawingvisiblecode":0,"name":"r1_centreline","onepathpairs":["a0","k1","k1","k2"],"snodepoints":{"a0":[1.494394,0.494425,-50.773678],"k1":[2.401147,0.445473,-50.365475],"k2":[1.983642,0.226544,-50.562897]},"stransformpos":"Transform( 1, 0, 0, 0, -4.37114e-08, 1, 0, -1, -4.37114e-08, 0, -140, -90 )","xcresource":""}
{"tubename":"XCtube_s2_s1","xcdrawinglink":["p1","p1","p2","p2"],"xcname0":"s2","xcname1":"s1","xcsectormaterials":["simpledirt","simpledirt"]}
